14999
14499
13999
13499
12999
12499
11999
11499
10999
10499
9999
9499
8999
8499
7999
7499
6999
6499
5999
5499
4999
4499
3999
3499
2999
2499
1999
1499
999
499
14998
14498
13998
13498
12998
12498
11998
11498
10998
10498
9998
9498
8998
8498
7998
7498
6998
6498
5998
5498
4998
4498
3998
3498
2998
2498
1998
1498
998
498
14997
14497
13997
13497
12997
12497
11997
11497
10997
10497
9997
9497
8997
8497
7997
7497
6997
6497
5997
5497
4997
4497
3997
3497
2997
2497
1997
1497
997
497
14996
14496
13996
13496
12996
12496
11996
11496
10996
10496
9996
9496
8996
8496
7996
7496
6996
6496
5996
5496
4996
4496
3996
3496
2996
2496
1996
1496
996
496
14995
14495
13995
13495
12995
12495
11995
11495
10995
10495
9995
9495
8995
8495
7995
7495
6995
6495
5995
5495
4995
4495
3995
3495
2995
2495
1995
1495
995
495
14994
14494
13994
13494
12994
12494
11994
11494
10994
10494
9994
9494
8994
8494
7994
7494
6994
6494
5994
5494
4994
4494
3994
3494
2994
2494
1994
1494
994
494
14993
14493
13993
13493
12993
12493
11993
11493
10993
10493
9993
9493
8993
8493
7993
7493
6993
6493
5993
5493
4993
4493
3993
3493
2993
2493
1993
1493
993
493
14992
14492
13992
13492
12992
12492
11992
11492
10992
10492
9992
9492
8992
8492
7992
7492
6992
6492
5992
5492
4992
4492
3992
3492
2992
2492
1992
1492
992
492
14991
14491
13991
13491
12991
12491
11991
11491
10991
10491
9991
9491
8991
8491
7991
7491
6991
6491
5991
5491
4991
4491
3991
3491
2991
2491
1991
1491
991
491
14990
14490
13990
13490
12990
12490
11990
11490
10990
10490
9990
9490
8990
8490
7990
7490
6990
6490
5990
5490
4990
4490
3990
3490
2990
2490
1990
1490
990
490
14989
14489
13989
13489
12989
12489
11989
11489
10989
10489
9989
9489
8989
8489
7989
7489
6989
6489
5989
5489
4989
4489
3989
3489
2989
2489
1989
1489
989
489
14988
14488
13988
13488
12988
12488
11988
11488
10988
10488
9988
9488
8988
8488
7988
7488
6988
6488
5988
5488
4988
4488
3988
3488
2988
2488
1988
1488
988
488
14987
14487
13987
13487
12987
12487
11987
11487
10987
10487
9987
9487
8987
8487
7987
7487
6987
6487
5987
5487
4987
4487
3987
3487
2987
2487
1987
1487
987
487
14986
14486
13986
13486
12986
12486
11986
11486
10986
10486
9986
9486
8986
8486
7986
7486
6986
6486
5986
5486
4986
4486
3986
3486
2986
2486
1986
1486
986
486
14985
14485
13985
13485
12985
12485
11985
11485
10985
10485
9985
9485
8985
8485
7985
7485
6985
6485
5985
5485
4985
4485
3985
3485
2985
2485
1985
1485
985
485
14984
14484
13984
13484
12984
12484
11984
11484
10984
10484
9984
9484
8984
8484
7984
7484
6984
6484
5984
5484
4984
4484
3984
3484
2984
2484
1984
1484
984
484
14983
14483
13983
13483
12983
12483
11983
11483
10983
10483
9983
9483
8983
8483
7983
7483
6983
6483
5983
5483
4983
4483
3983
3483
2983
2483
1983
1483
983
483
14982
14482
13982
13482
12982
12482
11982
11482
10982
10482
9982
9482
8982
8482
7982
7482
6982
6482
5982
5482
4982
4482
3982
3482
2982
2482
1982
1482
982
482
14981
14481
13981
13481
12981
12481
11981
11481
10981
10481
9981
9481
8981
8481
7981
7481
6981
6481
5981
5481
4981
4481
3981
3481
2981
2481
1981
1481
981
481
14980
14480
13980
13480
12980
12480
11980
11480
10980
10480
9980
9480
8980
8480
7980
7480
6980
6480
5980
5480
4980
4480
3980
3480
2980
2480
1980
1480
980
480
14979
14479
13979
13479
12979
12479
11979
11479
10979
10479
9979
9479
8979
8479
7979
7479
6979
6479
5979
5479
4979
4479
3979
3479
2979
2479
1979
1479
979
479
14978
14478
13978
13478
12978
12478
11978
11478
10978
10478
9978
9478
8978
8478
7978
7478
6978
6478
5978
5478
4978
4478
3978
3478
2978
2478
1978
1478
978
478
14977
14477
13977
13477
12977
12477
11977
11477
10977
10477
9977
9477
8977
8477
7977
7477
6977
6477
5977
5477
4977
4477
3977
3477
2977
2477
1977
1477
977
477
14976
14476
13976
13476
12976
12476
11976
11476
10976
10476
9976
9476
8976
8476
7976
7476
6976
6476
5976
5476
4976
4476
3976
3476
2976
2476
1976
1476
976
476
14975
14475
13975
13475
12975
12475
11975
11475
10975
10475
9975
9475
8975
8475
7975
7475
6975
6475
5975
5475
4975
4475
3975
3475
2975
2475
1975
1475
975
475
14974
14474
13974
13474
12974
12474
11974
11474
10974
10474
9974
9474
8974
8474
7974
7474
6974
6474
5974
5474
4974
4474
3974
3474
2974
2474
1974
1474
974
474
14973
14473
13973
13473
12973
12473
11973
11473
10973
10473
9973
9473
8973
8473
7973
7473
6973
6473
5973
5473
4973
4473
3973
3473
2973
2473
1973
1473
973
473
14972
14472
13972
13472
12972
12472
11972
11472
10972
10472
9972
9472
8972
8472
7972
7472
6972
6472
5972
5472
4972
4472
3972
3472
2972
2472
1972
1472
972
472
14971
14471
13971
13471
12971
12471
11971
11471
10971
10471
9971
9471
8971
8471
7971
7471
6971
6471
5971
5471
4971
4471
3971
3471
2971
2471
1971
1471
971
471
14970
14470
13970
13470
12970
12470
11970
11470
10970
10470
9970
9470
8970
8470
7970
7470
6970
6470
5970
5470
4970
4470
3970
3470
2970
2470
1970
1470
970
470
14969
14469
13969
13469
12969
12469
11969
11469
10969
10469
9969
9469
8969
8469
7969
7469
6969
6469
5969
5469
4969
4469
3969
3469
2969
2469
1969
1469
969
469
14968
14468
13968
13468
12968
12468
11968
11468
10968
10468
9968
9468
8968
8468
7968
7468
6968
6468
5968
5468
4968
4468
3968
3468
2968
2468
1968
1468
968
468
14967
14467
13967
13467
12967
12467
11967
11467
10967
10467
9967
9467
8967
8467
7967
7467
6967
6467
5967
5467
4967
4467
3967
3467
2967
2467
1967
1467
967
467
14966
14466
13966
13466
12966
12466
11966
11466
10966
10466
9966
9466
8966
8466
7966
7466
6966
6466
5966
5466
4966
4466
3966
3466
2966
2466
1966
1466
966
466
14965
14465
13965
13465
12965
12465
11965
11465
10965
10465
9965
9465
8965
8465
7965
7465
6965
6465
5965
5465
4965
4465
3965
3465
2965
2465
1965
1465
965
465
14964
14464
13964
13464
12964
12464
11964
11464
10964
10464
9964
9464
8964
8464
7964
7464
6964
6464
5964
5464
4964
4464
3964
3464
2964
2464
1964
1464
964
464
14963
14463
13963
13463
12963
12463
11963
11463
10963
10463
9963
9463
8963
8463
7963
7463
6963
6463
5963
5463
4963
4463
3963
3463
2963
2463
1963
1463
963
463
14962
14462
13962
13462
12962
12462
11962
11462
10962
10462
9962
9462
8962
8462
7962
7462
6962
6462
5962
5462
4962
4462
3962
3462
2962
2462
1962
1462
962
462
14961
14461
13961
13461
12961
12461
11961
11461
10961
10461
9961
9461
8961
8461
7961
7461
6961
6461
5961
5461
4961
4461
3961
3461
2961
2461
1961
1461
961
461
14960
14460
13960
13460
12960
12460
11960
11460
10960
10460
9960
9460
8960
8460
7960
7460
6960
6460
5960
5460
4960
4460
3960
3460
2960
2460
1960
1460
960
460
14959
14459
13959
13459
12959
12459
11959
11459
10959
10459
9959
9459
8959
8459
7959
7459
6959
6459
5959
5459
4959
4459
3959
3459
2959
2459
1959
1459
959
459
14958
14458
13958
13458
12958
12458
11958
11458
10958
10458
9958
9458
8958
8458
7958
7458
6958
6458
5958
5458
4958
4458
3958
3458
2958
2458
1958
1458
958
458
14957
14457
13957
13457
12957
12457
11957
11457
10957
10457
9957
9457
8957
8457
7957
7457
6957
6457
5957
5457
4957
4457
3957
3457
2957
2457
1957
1457
957
457
14956
14456
13956
13456
12956
12456
11956
11456
10956
10456
9956
9456
8956
8456
7956
7456
6956
6456
5956
5456
4956
4456
3956
3456
2956
2456
1956
1456
956
456
14955
14455
13955
13455
12955
12455
11955
11455
10955
10455
9955
9455
8955
8455
7955
7455
6955
6455
5955
5455
4955
4455
3955
3455
2955
2455
1955
1455
955
455
14954
14454
13954
13454
12954
12454
11954
11454
10954
10454
9954
9454
8954
8454
7954
7454
6954
6454
5954
5454
4954
4454
3954
3454
2954
2454
1954
1454
954
454
14953
14453
13953
13453
12953
12453
11953
11453
10953
10453
9953
9453
8953
8453
7953
7453
6953
6453
5953
5453
4953
4453
3953
3453
2953
2453
1953
1453
953
453
14952
14452
13952
13452
12952
12452
11952
11452
10952
10452
9952
9452
8952
8452
7952
7452
6952
6452
5952
5452
4952
4452
3952
3452
2952
2452
1952
1452
952
452
14951
14451
13951
13451
12951
12451
11951
11451
10951
10451
9951
9451
8951
8451
7951
7451
6951
6451
5951
5451
4951
4451
3951
3451
2951
2451
1951
1451
951
451
14950
14450
13950
13450
12950
12450
11950
11450
10950
10450
9950
9450
8950
8450
7950
7450
6950
6450
5950
5450
4950
4450
3950
3450
2950
2450
1950
1450
950
450
14949
14449
13949
13449
12949
12449
11949
11449
10949
10449
9949
9449
8949
8449
7949
7449
6949
6449
5949
5449
4949
4449
3949
3449
2949
2449
1949
1449
949
449
14948
14448
13948
13448
12948
12448
11948
11448
10948
10448
9948
9448
8948
8448
7948
7448
6948
6448
5948
5448
4948
4448
3948
3448
2948
2448
1948
1448
948
448
14947
14447
13947
13447
12947
12447
11947
11447
10947
10447
9947
9447
8947
8447
7947
7447
6947
6447
5947
5447
4947
4447
3947
3447
2947
2447
1947
1447
947
447
14946
14446
13946
13446
12946
12446
11946
11446
10946
10446
9946
9446
8946
8446
7946
7446
6946
6446
5946
5446
4946
4446
3946
3446
2946
2446
1946
1446
946
446
14945
14445
13945
13445
12945
12445
11945
11445
10945
10445
9945
9445
8945
8445
7945
7445
6945
6445
5945
5445
4945
4445
3945
3445
2945
2445
1945
1445
945
445
14944
14444
13944
13444
12944
12444
11944
11444
10944
10444
9944
9444
8944
8444
7944
7444
6944
6444
5944
5444
4944
4444
3944
3444
2944
2444
1944
1444
944
444
14943
14443
13943
13443
12943
12443
11943
11443
10943
10443
9943
9443
8943
8443
7943
7443
6943
6443
5943
5443
4943
4443
3943
3443
2943
2443
1943
1443
943
443
14942
14442
13942
13442
12942
12442
11942
11442
10942
10442
9942
9442
8942
8442
7942
7442
6942
6442
5942
5442
4942
4442
3942
3442
2942
2442
1942
1442
942
442
14941
14441
13941
13441
12941
12441
11941
11441
10941
10441
9941
9441
8941
8441
7941
7441
6941
6441
5941
5441
4941
4441
3941
3441
2941
2441
1941
1441
941
441
14940
14440
13940
13440
12940
12440
11940
11440
10940
10440
9940
9440
8940
8440
7940
7440
6940
6440
5940
5440
4940
4440
3940
3440
2940
2440
1940
1440
940
440
14939
14439
13939
13439
12939
12439
11939
11439
10939
10439
9939
9439
8939
8439
7939
7439
6939
6439
5939
5439
4939
4439
3939
3439
2939
2439
1939
1439
939
439
14938
14438
13938
13438
12938
12438
11938
11438
10938
10438
9938
9438
8938
8438
7938
7438
6938
6438
5938
5438
4938
4438
3938
3438
2938
2438
1938
1438
938
438
14937
14437
13937
13437
12937
12437
11937
11437
10937
10437
9937
9437
8937
8437
7937
7437
6937
6437
5937
5437
4937
4437
3937
3437
2937
2437
1937
1437
937
437
14936
14436
13936
13436
12936
12436
11936
11436
10936
10436
9936
9436
8936
8436
7936
7436
6936
6436
5936
5436
4936
4436
3936
3436
2936
2436
1936
1436
936
436
14935
14435
13935
13435
12935
12435
11935
11435
10935
10435
9935
9435
8935
8435
7935
7435
6935
6435
5935
5435
4935
4435
3935
3435
2935
2435
1935
1435
935
435
14934
14434
13934
13434
12934
12434
11934
11434
10934
10434
9934
9434
8934
8434
7934
7434
6934
6434
5934
5434
4934
4434
3934
3434
2934
2434
1934
1434
934
434
14933
14433
13933
13433
12933
12433
11933
11433
10933
10433
9933
9433
8933
8433
7933
7433
6933
6433
5933
5433
4933
4433
3933
3433
2933
2433
1933
1433
933
433
14932
14432
13932
13432
12932
12432
11932
11432
10932
10432
9932
9432
8932
8432
7932
7432
6932
6432
5932
5432
4932
4432
3932
3432
2932
2432
1932
1432
932
432
14931
14431
13931
13431
12931
12431
11931
11431
10931
10431
9931
9431
8931
8431
7931
7431
6931
6431
5931
5431
4931
4431
3931
3431
2931
2431
1931
1431
931
431
14930
14430
13930
13430
12930
12430
11930
11430
10930
10430
9930
9430
8930
8430
7930
7430
6930
6430
5930
5430
4930
4430
3930
3430
2930
2430
1930
1430
930
430
14929
14429
13929
13429
12929
12429
11929
11429
10929
10429
9929
9429
8929
8429
7929
7429
6929
6429
5929
5429
4929
4429
3929
3429
2929
2429
1929
1429
929
429
14928
14428
13928
13428
12928
12428
11928
11428
10928
10428
9928
9428
8928
8428
7928
7428
6928
6428
5928
5428
4928
4428
3928
3428
2928
2428
1928
1428
928
428
14927
14427
13927
13427
12927
12427
11927
11427
10927
10427
9927
9427
8927
8427
7927
7427
6927
6427
5927
5427
4927
4427
3927
3427
2927
2427
1927
1427
927
427
14926
14426
13926
13426
12926
12426
11926
11426
10926
10426
9926
9426
8926
8426
7926
7426
6926
6426
5926
5426
4926
4426
3926
3426
2926
2426
1926
1426
926
426
14925
14425
13925
13425
12925
12425
11925
11425
10925
10425
9925
9425
8925
8425
7925
7425
6925
6425
5925
5425
4925
4425
3925
3425
2925
2425
1925
1425
925
425
14924
14424
13924
13424
12924
12424
11924
11424
10924
10424
9924
9424
8924
8424
7924
7424
6924
6424
5924
5424
4924
4424
3924
3424
2924
2424
1924
1424
924
424
14923
14423
13923
13423
12923
12423
11923
11423
10923
10423
9923
9423
8923
8423
7923
7423
6923
6423
5923
5423
4923
4423
3923
3423
2923
2423
1923
1423
923
423
14922
14422
13922
13422
12922
12422
11922
11422
10922
10422
9922
9422
8922
8422
7922
7422
6922
6422
5922
5422
4922
4422
3922
3422
2922
2422
1922
1422
922
422
14921
14421
13921
13421
12921
12421
11921
11421
10921
10421
9921
9421
8921
8421
7921
7421
6921
6421
5921
5421
4921
4421
3921
3421
2921
2421
1921
1421
921
421
14920
14420
13920
13420
12920
12420
11920
11420
10920
10420
9920
9420
8920
8420
7920
7420
6920
6420
5920
5420
4920
4420
3920
3420
2920
2420
1920
1420
920
420
14919
14419
13919
13419
12919
12419
11919
11419
10919
10419
9919
9419
8919
8419
7919
7419
6919
6419
5919
5419
4919
4419
3919
3419
2919
2419
1919
1419
919
419
14918
14418
13918
13418
12918
12418
11918
11418
10918
10418
9918
9418
8918
8418
7918
7418
6918
6418
5918
5418
4918
4418
3918
3418
2918
2418
1918
1418
918
418
14917
14417
13917
13417
12917
12417
11917
11417
10917
10417
9917
9417
8917
8417
7917
7417
6917
6417
5917
5417
4917
4417
3917
3417
2917
2417
1917
1417
917
417
14916
14416
13916
13416
12916
12416
11916
11416
10916
10416
9916
9416
8916
8416
7916
7416
6916
6416
5916
5416
4916
4416
3916
3416
2916
2416
1916
1416
916
416
14915
14415
13915
13415
12915
12415
11915
11415
10915
10415
9915
9415
8915
8415
7915
7415
6915
6415
5915
5415
4915
4415
3915
3415
2915
2415
1915
1415
915
415
14914
14414
13914
13414
12914
12414
11914
11414
10914
10414
9914
9414
8914
8414
7914
7414
6914
6414
5914
5414
4914
4414
3914
3414
2914
2414
1914
1414
914
414
14913
14413
13913
13413
12913
12413
11913
11413
10913
10413
9913
9413
8913
8413
7913
7413
6913
6413
5913
5413
4913
4413
3913
3413
2913
2413
1913
1413
913
413
14912
14412
13912
13412
12912
12412
11912
11412
10912
10412
9912
9412
8912
8412
7912
7412
6912
6412
5912
5412
4912
4412
3912
3412
2912
2412
1912
1412
912
412
14911
14411
13911
13411
12911
12411
11911
11411
10911
10411
9911
9411
8911
8411
7911
7411
6911
6411
5911
5411
4911
4411
3911
3411
2911
2411
1911
1411
911
411
14910
14410
13910
13410
12910
12410
11910
11410
10910
10410
9910
9410
8910
8410
7910
7410
6910
6410
5910
5410
4910
4410
3910
3410
2910
2410
1910
1410
910
410
14909
14409
13909
13409
12909
12409
11909
11409
10909
10409
9909
9409
8909
8409
7909
7409
6909
6409
5909
5409
4909
4409
3909
3409
2909
2409
1909
1409
909
409
14908
14408
13908
13408
12908
12408
11908
11408
10908
10408
9908
9408
8908
8408
7908
7408
6908
6408
5908
5408
4908
4408
3908
3408
2908
2408
1908
1408
908
408
14907
14407
13907
13407
12907
12407
11907
11407
10907
10407
9907
9407
8907
8407
7907
7407
6907
6407
5907
5407
4907
4407
3907
3407
2907
2407
1907
1407
907
407
14906
14406
13906
13406
12906
12406
11906
11406
10906
10406
9906
9406
8906
8406
7906
7406
6906
6406
5906
5406
4906
4406
3906
3406
2906
2406
1906
1406
906
406
14905
14405
13905
13405
12905
12405
11905
11405
10905
10405
9905
9405
8905
8405
7905
7405
6905
6405
5905
5405
4905
4405
3905
3405
2905
2405
1905
1405
905
405
14904
14404
13904
13404
12904
12404
11904
11404
10904
10404
9904
9404
8904
8404
7904
7404
6904
6404
5904
5404
4904
4404
3904
3404
2904
2404
1904
1404
904
404
14903
14403
13903
13403
12903
12403
11903
11403
10903
10403
9903
9403
8903
8403
7903
7403
6903
6403
5903
5403
4903
4403
3903
3403
2903
2403
1903
1403
903
403
14902
14402
13902
13402
12902
12402
11902
11402
10902
10402
9902
9402
8902
8402
7902
7402
6902
6402
5902
5402
4902
4402
3902
3402
2902
2402
1902
1402
902
402
14901
14401
13901
13401
12901
12401
11901
11401
10901
10401
9901
9401
8901
8401
7901
7401
6901
6401
5901
5401
4901
4401
3901
3401
2901
2401
1901
1401
901
401
14900
14400
13900
13400
12900
12400
11900
11400
10900
10400
9900
9400
8900
8400
7900
7400
6900
6400
5900
5400
4900
4400
3900
3400
2900
2400
1900
1400
900
400
14899
14399
13899
13399
12899
12399
11899
11399
10899
10399
9899
9399
8899
8399
7899
7399
6899
6399
5899
5399
4899
4399
3899
3399
2899
2399
1899
1399
899
399
14898
14398
13898
13398
12898
12398
11898
11398
10898
10398
9898
9398
8898
8398
7898
7398
6898
6398
5898
5398
4898
4398
3898
3398
2898
2398
1898
1398
898
398
14897
14397
13897
13397
12897
12397
11897
11397
10897
10397
9897
9397
8897
8397
7897
7397
6897
6397
5897
5397
4897
4397
3897
3397
2897
2397
1897
1397
897
397
14896
14396
13896
13396
12896
12396
11896
11396
10896
10396
9896
9396
8896
8396
7896
7396
6896
6396
5896
5396
4896
4396
3896
3396
2896
2396
1896
1396
896
396
14895
14395
13895
13395
12895
12395
11895
11395
10895
10395
9895
9395
8895
8395
7895
7395
6895
6395
5895
5395
4895
4395
3895
3395
2895
2395
1895
1395
895
395
14894
14394
13894
13394
12894
12394
11894
11394
10894
10394
9894
9394
8894
8394
7894
7394
6894
6394
5894
5394
4894
4394
3894
3394
2894
2394
1894
1394
894
394
14893
14393
13893
13393
12893
12393
11893
11393
10893
10393
9893
9393
8893
8393
7893
7393
6893
6393
5893
5393
4893
4393
3893
3393
2893
2393
1893
1393
893
393
14892
14392
13892
13392
12892
12392
11892
11392
10892
10392
9892
9392
8892
8392
7892
7392
6892
6392
5892
5392
4892
4392
3892
3392
2892
2392
1892
1392
892
392
14891
14391
13891
13391
12891
12391
11891
11391
10891
10391
9891
9391
8891
8391
7891
7391
6891
6391
5891
5391
4891
4391
3891
3391
2891
2391
1891
1391
891
391
14890
14390
13890
13390
12890
12390
11890
11390
10890
10390
9890
9390
8890
8390
7890
7390
6890
6390
5890
5390
4890
4390
3890
3390
2890
2390
1890
1390
890
390
14889
14389
13889
13389
12889
12389
11889
11389
10889
10389
9889
9389
8889
8389
7889
7389
6889
6389
5889
5389
4889
4389
3889
3389
2889
2389
1889
1389
889
389
14888
14388
13888
13388
12888
12388
11888
11388
10888
10388
9888
9388
8888
8388
7888
7388
6888
6388
5888
5388
4888
4388
3888
3388
2888
2388
1888
1388
888
388
14887
14387
13887
13387
12887
12387
11887
11387
10887
10387
9887
9387
8887
8387
7887
7387
6887
6387
5887
5387
4887
4387
3887
3387
2887
2387
1887
1387
887
387
14886
14386
13886
13386
12886
12386
11886
11386
10886
10386
9886
9386
8886
8386
7886
7386
6886
6386
5886
5386
4886
4386
3886
3386
2886
2386
1886
1386
886
386
14885
14385
13885
13385
12885
12385
11885
11385
10885
10385
9885
9385
8885
8385
7885
7385
6885
6385
5885
5385
4885
4385
3885
3385
2885
2385
1885
1385
885
385
14884
14384
13884
13384
12884
12384
11884
11384
10884
10384
9884
9384
8884
8384
7884
7384
6884
6384
5884
5384
4884
4384
3884
3384
2884
2384
1884
1384
884
384
14883
14383
13883
13383
12883
12383
11883
11383
10883
10383
9883
9383
8883
8383
7883
7383
6883
6383
5883
5383
4883
4383
3883
3383
2883
2383
1883
1383
883
383
14882
14382
13882
13382
12882
12382
11882
11382
10882
10382
9882
9382
8882
8382
7882
7382
6882
6382
5882
5382
4882
4382
3882
3382
2882
2382
1882
1382
882
382
14881
14381
13881
13381
12881
12381
11881
11381
10881
10381
9881
9381
8881
8381
7881
7381
6881
6381
5881
5381
4881
4381
3881
3381
2881
2381
1881
1381
881
381
14880
14380
13880
13380
12880
12380
11880
11380
10880
10380
9880
9380
8880
8380
7880
7380
6880
6380
5880
5380
4880
4380
3880
3380
2880
2380
1880
1380
880
380
14879
14379
13879
13379
12879
12379
11879
11379
10879
10379
9879
9379
8879
8379
7879
7379
6879
6379
5879
5379
4879
4379
3879
3379
2879
2379
1879
1379
879
379
14878
14378
13878
13378
12878
12378
11878
11378
10878
10378
9878
9378
8878
8378
7878
7378
6878
6378
5878
5378
4878
4378
3878
3378
2878
2378
1878
1378
878
378
14877
14377
13877
13377
12877
12377
11877
11377
10877
10377
9877
9377
8877
8377
7877
7377
6877
6377
5877
5377
4877
4377
3877
3377
2877
2377
1877
1377
877
377
14876
14376
13876
13376
12876
12376
11876
11376
10876
10376
9876
9376
8876
8376
7876
7376
6876
6376
5876
5376
4876
4376
3876
3376
2876
2376
1876
1376
876
376
14875
14375
13875
13375
12875
12375
11875
11375
10875
10375
9875
9375
8875
8375
7875
7375
6875
6375
5875
5375
4875
4375
3875
3375
2875
2375
1875
1375
875
375
14874
14374
13874
13374
12874
12374
11874
11374
10874
10374
9874
9374
8874
8374
7874
7374
6874
6374
5874
5374
4874
4374
3874
3374
2874
2374
1874
1374
874
374
14873
14373
13873
13373
12873
12373
11873
11373
10873
10373
9873
9373
8873
8373
7873
7373
6873
6373
5873
5373
4873
4373
3873
3373
2873
2373
1873
1373
873
373
14872
14372
13872
13372
12872
12372
11872
11372
10872
10372
9872
9372
8872
8372
7872
7372
6872
6372
5872
5372
4872
4372
3872
3372
2872
2372
1872
1372
872
372
14871
14371
13871
13371
12871
12371
11871
11371
10871
10371
9871
9371
8871
8371
7871
7371
6871
6371
5871
5371
4871
4371
3871
3371
2871
2371
1871
1371
871
371
14870
14370
13870
13370
12870
12370
11870
11370
10870
10370
9870
9370
8870
8370
7870
7370
6870
6370
5870
5370
4870
4370
3870
3370
2870
2370
1870
1370
870
370
14869
14369
13869
13369
12869
12369
11869
11369
10869
10369
9869
9369
8869
8369
7869
7369
6869
6369
5869
5369
4869
4369
3869
3369
2869
2369
1869
1369
869
369
14868
14368
13868
13368
12868
12368
11868
11368
10868
10368
9868
9368
8868
8368
7868
7368
6868
6368
5868
5368
4868
4368
3868
3368
2868
2368
1868
1368
868
368
14867
14367
13867
13367
12867
12367
11867
11367
10867
10367
9867
9367
8867
8367
7867
7367
6867
6367
5867
5367
4867
4367
3867
3367
2867
2367
1867
1367
867
367
14866
14366
13866
13366
12866
12366
11866
11366
10866
10366
9866
9366
8866
8366
7866
7366
6866
6366
5866
5366
4866
4366
3866
3366
2866
2366
1866
1366
866
366
14865
14365
13865
13365
12865
12365
11865
11365
10865
10365
9865
9365
8865
8365
7865
7365
6865
6365
5865
5365
4865
4365
3865
3365
2865
2365
1865
1365
865
365
14864
14364
13864
13364
12864
12364
11864
11364
10864
10364
9864
9364
8864
8364
7864
7364
6864
6364
5864
5364
4864
4364
3864
3364
2864
2364
1864
1364
864
364
14863
14363
13863
13363
12863
12363
11863
11363
10863
10363
9863
9363
8863
8363
7863
7363
6863
6363
5863
5363
4863
4363
3863
3363
2863
2363
1863
1363
863
363
14862
14362
13862
13362
12862
12362
11862
11362
10862
10362
9862
9362
8862
8362
7862
7362
6862
6362
5862
5362
4862
4362
3862
3362
2862
2362
1862
1362
862
362
14861
14361
13861
13361
12861
12361
11861
11361
10861
10361
9861
9361
8861
8361
7861
7361
6861
6361
5861
5361
4861
4361
3861
3361
2861
2361
1861
1361
861
361
14860
14360
13860
13360
12860
12360
11860
11360
10860
10360
9860
9360
8860
8360
7860
7360
6860
6360
5860
5360
4860
4360
3860
3360
2860
2360
1860
1360
860
360
14859
14359
13859
13359
12859
12359
11859
11359
10859
10359
9859
9359
8859
8359
7859
7359
6859
6359
5859
5359
4859
4359
3859
3359
2859
2359
1859
1359
859
359
14858
14358
13858
13358
12858
12358
11858
11358
10858
10358
9858
9358
8858
8358
7858
7358
6858
6358
5858
5358
4858
4358
3858
3358
2858
2358
1858
1358
858
358
14857
14357
13857
13357
12857
12357
11857
11357
10857
10357
9857
9357
8857
8357
7857
7357
6857
6357
5857
5357
4857
4357
3857
3357
2857
2357
1857
1357
857
357
14856
14356
13856
13356
12856
12356
11856
11356
10856
10356
9856
9356
8856
8356
7856
7356
6856
6356
5856
5356
4856
4356
3856
3356
2856
2356
1856
1356
856
356
14855
14355
13855
13355
12855
12355
11855
11355
10855
10355
9855
9355
8855
8355
7855
7355
6855
6355
5855
5355
4855
4355
3855
3355
2855
2355
1855
1355
855
355
14854
14354
13854
13354
12854
12354
11854
11354
10854
10354
9854
9354
8854
8354
7854
7354
6854
6354
5854
5354
4854
4354
3854
3354
2854
2354
1854
1354
854
354
14853
14353
13853
13353
12853
12353
11853
11353
10853
10353
9853
9353
8853
8353
7853
7353
6853
6353
5853
5353
4853
4353
3853
3353
2853
2353
1853
1353
853
353
14852
14352
13852
13352
12852
12352
11852
11352
10852
10352
9852
9352
8852
8352
7852
7352
6852
6352
5852
5352
4852
4352
3852
3352
2852
2352
1852
1352
852
352
14851
14351
13851
13351
12851
12351
11851
11351
10851
10351
9851
9351
8851
8351
7851
7351
6851
6351
5851
5351
4851
4351
3851
3351
2851
2351
1851
1351
851
351
14850
14350
13850
13350
12850
12350
11850
11350
10850
10350
9850
9350
8850
8350
7850
7350
6850
6350
5850
5350
4850
4350
3850
3350
2850
2350
1850
1350
850
350
14849
14349
13849
13349
12849
12349
11849
11349
10849
10349
9849
9349
8849
8349
7849
7349
6849
6349
5849
5349
4849
4349
3849
3349
2849
2349
1849
1349
849
349
14848
14348
13848
13348
12848
12348
11848
11348
10848
10348
9848
9348
8848
8348
7848
7348
6848
6348
5848
5348
4848
4348
3848
3348
2848
2348
1848
1348
848
348
14847
14347
13847
13347
12847
12347
11847
11347
10847
10347
9847
9347
8847
8347
7847
7347
6847
6347
5847
5347
4847
4347
3847
3347
2847
2347
1847
1347
847
347
14846
14346
13846
13346
12846
12346
11846
11346
10846
10346
9846
9346
8846
8346
7846
7346
6846
6346
5846
5346
4846
4346
3846
3346
2846
2346
1846
1346
846
346
14845
14345
13845
13345
12845
12345
11845
11345
10845
10345
9845
9345
8845
8345
7845
7345
6845
6345
5845
5345
4845
4345
3845
3345
2845
2345
1845
1345
845
345
14844
14344
13844
13344
12844
12344
11844
11344
10844
10344
9844
9344
8844
8344
7844
7344
6844
6344
5844
5344
4844
4344
3844
3344
2844
2344
1844
1344
844
344
14843
14343
13843
13343
12843
12343
11843
11343
10843
10343
9843
9343
8843
8343
7843
7343
6843
6343
5843
5343
4843
4343
3843
3343
2843
2343
1843
1343
843
343
14842
14342
13842
13342
12842
12342
11842
11342
10842
10342
9842
9342
8842
8342
7842
7342
6842
6342
5842
5342
4842
4342
3842
3342
2842
2342
1842
1342
842
342
14841
14341
13841
13341
12841
12341
11841
11341
10841
10341
9841
9341
8841
8341
7841
7341
6841
6341
5841
5341
4841
4341
3841
3341
2841
2341
1841
1341
841
341
14840
14340
13840
13340
12840
12340
11840
11340
10840
10340
9840
9340
8840
8340
7840
7340
6840
6340
5840
5340
4840
4340
3840
3340
2840
2340
1840
1340
840
340
14839
14339
13839
13339
12839
12339
11839
11339
10839
10339
9839
9339
8839
8339
7839
7339
6839
6339
5839
5339
4839
4339
3839
3339
2839
2339
1839
1339
839
339
14838
14338
13838
13338
12838
12338
11838
11338
10838
10338
9838
9338
8838
8338
7838
7338
6838
6338
5838
5338
4838
4338
3838
3338
2838
2338
1838
1338
838
338
14837
14337
13837
13337
12837
12337
11837
11337
10837
10337
9837
9337
8837
8337
7837
7337
6837
6337
5837
5337
4837
4337
3837
3337
2837
2337
1837
1337
837
337
14836
14336
13836
13336
12836
12336
11836
11336
10836
10336
9836
9336
8836
8336
7836
7336
6836
6336
5836
5336
4836
4336
3836
3336
2836
2336
1836
1336
836
336
14835
14335
13835
13335
12835
12335
11835
11335
10835
10335
9835
9335
8835
8335
7835
7335
6835
6335
5835
5335
4835
4335
3835
3335
2835
2335
1835
1335
835
335
14834
14334
13834
13334
12834
12334
11834
11334
10834
10334
9834
9334
8834
8334
7834
7334
6834
6334
5834
5334
4834
4334
3834
3334
2834
2334
1834
1334
834
334
14833
14333
13833
13333
12833
12333
11833
11333
10833
10333
9833
9333
8833
8333
7833
7333
6833
6333
5833
5333
4833
4333
3833
3333
2833
2333
1833
1333
833
333
14832
14332
13832
13332
12832
12332
11832
11332
10832
10332
9832
9332
8832
8332
7832
7332
6832
6332
5832
5332
4832
4332
3832
3332
2832
2332
1832
1332
832
332
14831
14331
13831
13331
12831
12331
11831
11331
10831
10331
9831
9331
8831
8331
7831
7331
6831
6331
5831
5331
4831
4331
3831
3331
2831
2331
1831
1331
831
331
14830
14330
13830
13330
12830
12330
11830
11330
10830
10330
9830
9330
8830
8330
7830
7330
6830
6330
5830
5330
4830
4330
3830
3330
2830
2330
1830
1330
830
330
14829
14329
13829
13329
12829
12329
11829
11329
10829
10329
9829
9329
8829
8329
7829
7329
6829
6329
5829
5329
4829
4329
3829
3329
2829
2329
1829
1329
829
329
14828
14328
13828
13328
12828
12328
11828
11328
10828
10328
9828
9328
8828
8328
7828
7328
6828
6328
5828
5328
4828
4328
3828
3328
2828
2328
1828
1328
828
328
14827
14327
13827
13327
12827
12327
11827
11327
10827
10327
9827
9327
8827
8327
7827
7327
6827
6327
5827
5327
4827
4327
3827
3327
2827
2327
1827
1327
827
327
14826
14326
13826
13326
12826
12326
11826
11326
10826
10326
9826
9326
8826
8326
7826
7326
6826
6326
5826
5326
4826
4326
3826
3326
2826
2326
1826
1326
826
326
14825
14325
13825
13325
12825
12325
11825
11325
10825
10325
9825
9325
8825
8325
7825
7325
6825
6325
5825
5325
4825
4325
3825
3325
2825
2325
1825
1325
825
325
14824
14324
13824
13324
12824
12324
11824
11324
10824
10324
9824
9324
8824
8324
7824
7324
6824
6324
5824
5324
4824
4324
3824
3324
2824
2324
1824
1324
824
324
14823
14323
13823
13323
12823
12323
11823
11323
10823
10323
9823
9323
8823
8323
7823
7323
6823
6323
5823
5323
4823
4323
3823
3323
2823
2323
1823
1323
823
323
14822
14322
13822
13322
12822
12322
11822
11322
10822
10322
9822
9322
8822
8322
7822
7322
6822
6322
5822
5322
4822
4322
3822
3322
2822
2322
1822
1322
822
322
14821
14321
13821
13321
12821
12321
11821
11321
10821
10321
9821
9321
8821
8321
7821
7321
6821
6321
5821
5321
4821
4321
3821
3321
2821
2321
1821
1321
821
321
14820
14320
13820
13320
12820
12320
11820
11320
10820
10320
9820
9320
8820
8320
7820
7320
6820
6320
5820
5320
4820
4320
3820
3320
2820
2320
1820
1320
820
320
14819
14319
13819
13319
12819
12319
11819
11319
10819
10319
9819
9319
8819
8319
7819
7319
6819
6319
5819
5319
4819
4319
3819
3319
2819
2319
1819
1319
819
319
14818
14318
13818
13318
12818
12318
11818
11318
10818
10318
9818
9318
8818
8318
7818
7318
6818
6318
5818
5318
4818
4318
3818
3318
2818
2318
1818
1318
818
318
14817
14317
13817
13317
12817
12317
11817
11317
10817
10317
9817
9317
8817
8317
7817
7317
6817
6317
5817
5317
4817
4317
3817
3317
2817
2317
1817
1317
817
317
14816
14316
13816
13316
12816
12316
11816
11316
10816
10316
9816
9316
8816
8316
7816
7316
6816
6316
5816
5316
4816
4316
3816
3316
2816
2316
1816
1316
816
316
14815
14315
13815
13315
12815
12315
11815
11315
10815
10315
9815
9315
8815
8315
7815
7315
6815
6315
5815
5315
4815
4315
3815
3315
2815
2315
1815
1315
815
315
14814
14314
13814
13314
12814
12314
11814
11314
10814
10314
9814
9314
8814
8314
7814
7314
6814
6314
5814
5314
4814
4314
3814
3314
2814
2314
1814
1314
814
314
14813
14313
13813
13313
12813
12313
11813
11313
10813
10313
9813
9313
8813
8313
7813
7313
6813
6313
5813
5313
4813
4313
3813
3313
2813
2313
1813
1313
813
313
14812
14312
13812
13312
12812
12312
11812
11312
10812
10312
9812
9312
8812
8312
7812
7312
6812
6312
5812
5312
4812
4312
3812
3312
2812
2312
1812
1312
812
312
14811
14311
13811
13311
12811
12311
11811
11311
10811
10311
9811
9311
8811
8311
7811
7311
6811
6311
5811
5311
4811
4311
3811
3311
2811
2311
1811
1311
811
311
14810
14310
13810
13310
12810
12310
11810
11310
10810
10310
9810
9310
8810
8310
7810
7310
6810
6310
5810
5310
4810
4310
3810
3310
2810
2310
1810
1310
810
310
14809
14309
13809
13309
12809
12309
11809
11309
10809
10309
9809
9309
8809
8309
7809
7309
6809
6309
5809
5309
4809
4309
3809
3309
2809
2309
1809
1309
809
309
14808
14308
13808
13308
12808
12308
11808
11308
10808
10308
9808
9308
8808
8308
7808
7308
6808
6308
5808
5308
4808
4308
3808
3308
2808
2308
1808
1308
808
308
14807
14307
13807
13307
12807
12307
11807
11307
10807
10307
9807
9307
8807
8307
7807
7307
6807
6307
5807
5307
4807
4307
3807
3307
2807
2307
1807
1307
807
307
14806
14306
13806
13306
12806
12306
11806
11306
10806
10306
9806
9306
8806
8306
7806
7306
6806
6306
5806
5306
4806
4306
3806
3306
2806
2306
1806
1306
806
306
14805
14305
13805
13305
12805
12305
11805
11305
10805
10305
9805
9305
8805
8305
7805
7305
6805
6305
5805
5305
4805
4305
3805
3305
2805
2305
1805
1305
805
305
14804
14304
13804
13304
12804
12304
11804
11304
10804
10304
9804
9304
8804
8304
7804
7304
6804
6304
5804
5304
4804
4304
3804
3304
2804
2304
1804
1304
804
304
14803
14303
13803
13303
12803
12303
11803
11303
10803
10303
9803
9303
8803
8303
7803
7303
6803
6303
5803
5303
4803
4303
3803
3303
2803
2303
1803
1303
803
303
14802
14302
13802
13302
12802
12302
11802
11302
10802
10302
9802
9302
8802
8302
7802
7302
6802
6302
5802
5302
4802
4302
3802
3302
2802
2302
1802
1302
802
302
14801
14301
13801
13301
12801
12301
11801
11301
10801
10301
9801
9301
8801
8301
7801
7301
6801
6301
5801
5301
4801
4301
3801
3301
2801
2301
1801
1301
801
301
14800
14300
13800
13300
12800
12300
11800
11300
10800
10300
9800
9300
8800
8300
7800
7300
6800
6300
5800
5300
4800
4300
3800
3300
2800
2300
1800
1300
800
300
14799
14299
13799
13299
12799
12299
11799
11299
10799
10299
9799
9299
8799
8299
7799
7299
6799
6299
5799
5299
4799
4299
3799
3299
2799
2299
1799
1299
799
299
14798
14298
13798
13298
12798
12298
11798
11298
10798
10298
9798
9298
8798
8298
7798
7298
6798
6298
5798
5298
4798
4298
3798
3298
2798
2298
1798
1298
798
298
14797
14297
13797
13297
12797
12297
11797
11297
10797
10297
9797
9297
8797
8297
7797
7297
6797
6297
5797
5297
4797
4297
3797
3297
2797
2297
1797
1297
797
297
14796
14296
13796
13296
12796
12296
11796
11296
10796
10296
9796
9296
8796
8296
7796
7296
6796
6296
5796
5296
4796
4296
3796
3296
2796
2296
1796
1296
796
296
14795
14295
13795
13295
12795
12295
11795
11295
10795
10295
9795
9295
8795
8295
7795
7295
6795
6295
5795
5295
4795
4295
3795
3295
2795
2295
1795
1295
795
295
14794
14294
13794
13294
12794
12294
11794
11294
10794
10294
9794
9294
8794
8294
7794
7294
6794
6294
5794
5294
4794
4294
3794
3294
2794
2294
1794
1294
794
294
14793
14293
13793
13293
12793
12293
11793
11293
10793
10293
9793
9293
8793
8293
7793
7293
6793
6293
5793
5293
4793
4293
3793
3293
2793
2293
1793
1293
793
293
14792
14292
13792
13292
12792
12292
11792
11292
10792
10292
9792
9292
8792
8292
7792
7292
6792
6292
5792
5292
4792
4292
3792
3292
2792
2292
1792
1292
792
292
14791
14291
13791
13291
12791
12291
11791
11291
10791
10291
9791
9291
8791
8291
7791
7291
6791
6291
5791
5291
4791
4291
3791
3291
2791
2291
1791
1291
791
291
14790
14290
13790
13290
12790
12290
11790
11290
10790
10290
9790
9290
8790
8290
7790
7290
6790
6290
5790
5290
4790
4290
3790
3290
2790
2290
1790
1290
790
290
14789
14289
13789
13289
12789
12289
11789
11289
10789
10289
9789
9289
8789
8289
7789
7289
6789
6289
5789
5289
4789
4289
3789
3289
2789
2289
1789
1289
789
289
14788
14288
13788
13288
12788
12288
11788
11288
10788
10288
9788
9288
8788
8288
7788
7288
6788
6288
5788
5288
4788
4288
3788
3288
2788
2288
1788
1288
788
288
14787
14287
13787
13287
12787
12287
11787
11287
10787
10287
9787
9287
8787
8287
7787
7287
6787
6287
5787
5287
4787
4287
3787
3287
2787
2287
1787
1287
787
287
14786
14286
13786
13286
12786
12286
11786
11286
10786
10286
9786
9286
8786
8286
7786
7286
6786
6286
5786
5286
4786
4286
3786
3286
2786
2286
1786
1286
786
286
14785
14285
13785
13285
12785
12285
11785
11285
10785
10285
9785
9285
8785
8285
7785
7285
6785
6285
5785
5285
4785
4285
3785
3285
2785
2285
1785
1285
785
285
14784
14284
13784
13284
12784
12284
11784
11284
10784
10284
9784
9284
8784
8284
7784
7284
6784
6284
5784
5284
4784
4284
3784
3284
2784
2284
1784
1284
784
284
14783
14283
13783
13283
12783
12283
11783
11283
10783
10283
9783
9283
8783
8283
7783
7283
6783
6283
5783
5283
4783
4283
3783
3283
2783
2283
1783
1283
783
283
14782
14282
13782
13282
12782
12282
11782
11282
10782
10282
9782
9282
8782
8282
7782
7282
6782
6282
5782
5282
4782
4282
3782
3282
2782
2282
1782
1282
782
282
14781
14281
13781
13281
12781
12281
11781
11281
10781
10281
9781
9281
8781
8281
7781
7281
6781
6281
5781
5281
4781
4281
3781
3281
2781
2281
1781
1281
781
281
14780
14280
13780
13280
12780
12280
11780
11280
10780
10280
9780
9280
8780
8280
7780
7280
6780
6280
5780
5280
4780
4280
3780
3280
2780
2280
1780
1280
780
280
14779
14279
13779
13279
12779
12279
11779
11279
10779
10279
9779
9279
8779
8279
7779
7279
6779
6279
5779
5279
4779
4279
3779
3279
2779
2279
1779
1279
779
279
14778
14278
13778
13278
12778
12278
11778
11278
10778
10278
9778
9278
8778
8278
7778
7278
6778
6278
5778
5278
4778
4278
3778
3278
2778
2278
1778
1278
778
278
14777
14277
13777
13277
12777
12277
11777
11277
10777
10277
9777
9277
8777
8277
7777
7277
6777
6277
5777
5277
4777
4277
3777
3277
2777
2277
1777
1277
777
277
14776
14276
13776
13276
12776
12276
11776
11276
10776
10276
9776
9276
8776
8276
7776
7276
6776
6276
5776
5276
4776
4276
3776
3276
2776
2276
1776
1276
776
276
14775
14275
13775
13275
12775
12275
11775
11275
10775
10275
9775
9275
8775
8275
7775
7275
6775
6275
5775
5275
4775
4275
3775
3275
2775
2275
1775
1275
775
275
14774
14274
13774
13274
12774
12274
11774
11274
10774
10274
9774
9274
8774
8274
7774
7274
6774
6274
5774
5274
4774
4274
3774
3274
2774
2274
1774
1274
774
274
14773
14273
13773
13273
12773
12273
11773
11273
10773
10273
9773
9273
8773
8273
7773
7273
6773
6273
5773
5273
4773
4273
3773
3273
2773
2273
1773
1273
773
273
14772
14272
13772
13272
12772
12272
11772
11272
10772
10272
9772
9272
8772
8272
7772
7272
6772
6272
5772
5272
4772
4272
3772
3272
2772
2272
1772
1272
772
272
14771
14271
13771
13271
12771
12271
11771
11271
10771
10271
9771
9271
8771
8271
7771
7271
6771
6271
5771
5271
4771
4271
3771
3271
2771
2271
1771
1271
771
271
14770
14270
13770
13270
12770
12270
11770
11270
10770
10270
9770
9270
8770
8270
7770
7270
6770
6270
5770
5270
4770
4270
3770
3270
2770
2270
1770
1270
770
270
14769
14269
13769
13269
12769
12269
11769
11269
10769
10269
9769
9269
8769
8269
7769
7269
6769
6269
5769
5269
4769
4269
3769
3269
2769
2269
1769
1269
769
269
14768
14268
13768
13268
12768
12268
11768
11268
10768
10268
9768
9268
8768
8268
7768
7268
6768
6268
5768
5268
4768
4268
3768
3268
2768
2268
1768
1268
768
268
14767
14267
13767
13267
12767
12267
11767
11267
10767
10267
9767
9267
8767
8267
7767
7267
6767
6267
5767
5267
4767
4267
3767
3267
2767
2267
1767
1267
767
267
14766
14266
13766
13266
12766
12266
11766
11266
10766
10266
9766
9266
8766
8266
7766
7266
6766
6266
5766
5266
4766
4266
3766
3266
2766
2266
1766
1266
766
266
14765
14265
13765
13265
12765
12265
11765
11265
10765
10265
9765
9265
8765
8265
7765
7265
6765
6265
5765
5265
4765
4265
3765
3265
2765
2265
1765
1265
765
265
14764
14264
13764
13264
12764
12264
11764
11264
10764
10264
9764
9264
8764
8264
7764
7264
6764
6264
5764
5264
4764
4264
3764
3264
2764
2264
1764
1264
764
264
14763
14263
13763
13263
12763
12263
11763
11263
10763
10263
9763
9263
8763
8263
7763
7263
6763
6263
5763
5263
4763
4263
3763
3263
2763
2263
1763
1263
763
263
14762
14262
13762
13262
12762
12262
11762
11262
10762
10262
9762
9262
8762
8262
7762
7262
6762
6262
5762
5262
4762
4262
3762
3262
2762
2262
1762
1262
762
262
14761
14261
13761
13261
12761
12261
11761
11261
10761
10261
9761
9261
8761
8261
7761
7261
6761
6261
5761
5261
4761
4261
3761
3261
2761
2261
1761
1261
761
261
14760
14260
13760
13260
12760
12260
11760
11260
10760
10260
9760
9260
8760
8260
7760
7260
6760
6260
5760
5260
4760
4260
3760
3260
2760
2260
1760
1260
760
260
14759
14259
13759
13259
12759
12259
11759
11259
10759
10259
9759
9259
8759
8259
7759
7259
6759
6259
5759
5259
4759
4259
3759
3259
2759
2259
1759
1259
759
259
14758
14258
13758
13258
12758
12258
11758
11258
10758
10258
9758
9258
8758
8258
7758
7258
6758
6258
5758
5258
4758
4258
3758
3258
2758
2258
1758
1258
758
258
14757
14257
13757
13257
12757
12257
11757
11257
10757
10257
9757
9257
8757
8257
7757
7257
6757
6257
5757
5257
4757
4257
3757
3257
2757
2257
1757
1257
757
257
14756
14256
13756
13256
12756
12256
11756
11256
10756
10256
9756
9256
8756
8256
7756
7256
6756
6256
5756
5256
4756
4256
3756
3256
2756
2256
1756
1256
756
256
14755
14255
13755
13255
12755
12255
11755
11255
10755
10255
9755
9255
8755
8255
7755
7255
6755
6255
5755
5255
4755
4255
3755
3255
2755
2255
1755
1255
755
255
14754
14254
13754
13254
12754
12254
11754
11254
10754
10254
9754
9254
8754
8254
7754
7254
6754
6254
5754
5254
4754
4254
3754
3254
2754
2254
1754
1254
754
254
14753
14253
13753
13253
12753
12253
11753
11253
10753
10253
9753
9253
8753
8253
7753
7253
6753
6253
5753
5253
4753
4253
3753
3253
2753
2253
1753
1253
753
253
14752
14252
13752
13252
12752
12252
11752
11252
10752
10252
9752
9252
8752
8252
7752
7252
6752
6252
5752
5252
4752
4252
3752
3252
2752
2252
1752
1252
752
252
14751
14251
13751
13251
12751
12251
11751
11251
10751
10251
9751
9251
8751
8251
7751
7251
6751
6251
5751
5251
4751
4251
3751
3251
2751
2251
1751
1251
751
251
14750
14250
13750
13250
12750
12250
11750
11250
10750
10250
9750
9250
8750
8250
7750
7250
6750
6250
5750
5250
4750
4250
3750
3250
2750
2250
1750
1250
750
250
14749
14249
13749
13249
12749
12249
11749
11249
10749
10249
9749
9249
8749
8249
7749
7249
6749
6249
5749
5249
4749
4249
3749
3249
2749
2249
1749
1249
749
249
14748
14248
13748
13248
12748
12248
11748
11248
10748
10248
9748
9248
8748
8248
7748
7248
6748
6248
5748
5248
4748
4248
3748
3248
2748
2248
1748
1248
748
248
14747
14247
13747
13247
12747
12247
11747
11247
10747
10247
9747
9247
8747
8247
7747
7247
6747
6247
5747
5247
4747
4247
3747
3247
2747
2247
1747
1247
747
247
14746
14246
13746
13246
12746
12246
11746
11246
10746
10246
9746
9246
8746
8246
7746
7246
6746
6246
5746
5246
4746
4246
3746
3246
2746
2246
1746
1246
746
246
14745
14245
13745
13245
12745
12245
11745
11245
10745
10245
9745
9245
8745
8245
7745
7245
6745
6245
5745
5245
4745
4245
3745
3245
2745
2245
1745
1245
745
245
14744
14244
13744
13244
12744
12244
11744
11244
10744
10244
9744
9244
8744
8244
7744
7244
6744
6244
5744
5244
4744
4244
3744
3244
2744
2244
1744
1244
744
244
14743
14243
13743
13243
12743
12243
11743
11243
10743
10243
9743
9243
8743
8243
7743
7243
6743
6243
5743
5243
4743
4243
3743
3243
2743
2243
1743
1243
743
243
14742
14242
13742
13242
12742
12242
11742
11242
10742
10242
9742
9242
8742
8242
7742
7242
6742
6242
5742
5242
4742
4242
3742
3242
2742
2242
1742
1242
742
242
14741
14241
13741
13241
12741
12241
11741
11241
10741
10241
9741
9241
8741
8241
7741
7241
6741
6241
5741
5241
4741
4241
3741
3241
2741
2241
1741
1241
741
241
14740
14240
13740
13240
12740
12240
11740
11240
10740
10240
9740
9240
8740
8240
7740
7240
6740
6240
5740
5240
4740
4240
3740
3240
2740
2240
1740
1240
740
240
14739
14239
13739
13239
12739
12239
11739
11239
10739
10239
9739
9239
8739
8239
7739
7239
6739
6239
5739
5239
4739
4239
3739
3239
2739
2239
1739
1239
739
239
14738
14238
13738
13238
12738
12238
11738
11238
10738
10238
9738
9238
8738
8238
7738
7238
6738
6238
5738
5238
4738
4238
3738
3238
2738
2238
1738
1238
738
238
14737
14237
13737
13237
12737
12237
11737
11237
10737
10237
9737
9237
8737
8237
7737
7237
6737
6237
5737
5237
4737
4237
3737
3237
2737
2237
1737
1237
737
237
14736
14236
13736
13236
12736
12236
11736
11236
10736
10236
9736
9236
8736
8236
7736
7236
6736
6236
5736
5236
4736
4236
3736
3236
2736
2236
1736
1236
736
236
14735
14235
13735
13235
12735
12235
11735
11235
10735
10235
9735
9235
8735
8235
7735
7235
6735
6235
5735
5235
4735
4235
3735
3235
2735
2235
1735
1235
735
235
14734
14234
13734
13234
12734
12234
11734
11234
10734
10234
9734
9234
8734
8234
7734
7234
6734
6234
5734
5234
4734
4234
3734
3234
2734
2234
1734
1234
734
234
14733
14233
13733
13233
12733
12233
11733
11233
10733
10233
9733
9233
8733
8233
7733
7233
6733
6233
5733
5233
4733
4233
3733
3233
2733
2233
1733
1233
733
233
14732
14232
13732
13232
12732
12232
11732
11232
10732
10232
9732
9232
8732
8232
7732
7232
6732
6232
5732
5232
4732
4232
3732
3232
2732
2232
1732
1232
732
232
14731
14231
13731
13231
12731
12231
11731
11231
10731
10231
9731
9231
8731
8231
7731
7231
6731
6231
5731
5231
4731
4231
3731
3231
2731
2231
1731
1231
731
231
14730
14230
13730
13230
12730
12230
11730
11230
10730
10230
9730
9230
8730
8230
7730
7230
6730
6230
5730
5230
4730
4230
3730
3230
2730
2230
1730
1230
730
230
14729
14229
13729
13229
12729
12229
11729
11229
10729
10229
9729
9229
8729
8229
7729
7229
6729
6229
5729
5229
4729
4229
3729
3229
2729
2229
1729
1229
729
229
14728
14228
13728
13228
12728
12228
11728
11228
10728
10228
9728
9228
8728
8228
7728
7228
6728
6228
5728
5228
4728
4228
3728
3228
2728
2228
1728
1228
728
228
14727
14227
13727
13227
12727
12227
11727
11227
10727
10227
9727
9227
8727
8227
7727
7227
6727
6227
5727
5227
4727
4227
3727
3227
2727
2227
1727
1227
727
227
14726
14226
13726
13226
12726
12226
11726
11226
10726
10226
9726
9226
8726
8226
7726
7226
6726
6226
5726
5226
4726
4226
3726
3226
2726
2226
1726
1226
726
226
14725
14225
13725
13225
12725
12225
11725
11225
10725
10225
9725
9225
8725
8225
7725
7225
6725
6225
5725
5225
4725
4225
3725
3225
2725
2225
1725
1225
725
225
14724
14224
13724
13224
12724
12224
11724
11224
10724
10224
9724
9224
8724
8224
7724
7224
6724
6224
5724
5224
4724
4224
3724
3224
2724
2224
1724
1224
724
224
14723
14223
13723
13223
12723
12223
11723
11223
10723
10223
9723
9223
8723
8223
7723
7223
6723
6223
5723
5223
4723
4223
3723
3223
2723
2223
1723
1223
723
223
14722
14222
13722
13222
12722
12222
11722
11222
10722
10222
9722
9222
8722
8222
7722
7222
6722
6222
5722
5222
4722
4222
3722
3222
2722
2222
1722
1222
722
222
14721
14221
13721
13221
12721
12221
11721
11221
10721
10221
9721
9221
8721
8221
7721
7221
6721
6221
5721
5221
4721
4221
3721
3221
2721
2221
1721
1221
721
221
14720
14220
13720
13220
12720
12220
11720
11220
10720
10220
9720
9220
8720
8220
7720
7220
6720
6220
5720
5220
4720
4220
3720
3220
2720
2220
1720
1220
720
220
14719
14219
13719
13219
12719
12219
11719
11219
10719
10219
9719
9219
8719
8219
7719
7219
6719
6219
5719
5219
4719
4219
3719
3219
2719
2219
1719
1219
719
219
14718
14218
13718
13218
12718
12218
11718
11218
10718
10218
9718
9218
8718
8218
7718
7218
6718
6218
5718
5218
4718
4218
3718
3218
2718
2218
1718
1218
718
218
14717
14217
13717
13217
12717
12217
11717
11217
10717
10217
9717
9217
8717
8217
7717
7217
6717
6217
5717
5217
4717
4217
3717
3217
2717
2217
1717
1217
717
217
14716
14216
13716
13216
12716
12216
11716
11216
10716
10216
9716
9216
8716
8216
7716
7216
6716
6216
5716
5216
4716
4216
3716
3216
2716
2216
1716
1216
716
216
14715
14215
13715
13215
12715
12215
11715
11215
10715
10215
9715
9215
8715
8215
7715
7215
6715
6215
5715
5215
4715
4215
3715
3215
2715
2215
1715
1215
715
215
14714
14214
13714
13214
12714
12214
11714
11214
10714
10214
9714
9214
8714
8214
7714
7214
6714
6214
5714
5214
4714
4214
3714
3214
2714
2214
1714
1214
714
214
14713
14213
13713
13213
12713
12213
11713
11213
10713
10213
9713
9213
8713
8213
7713
7213
6713
6213
5713
5213
4713
4213
3713
3213
2713
2213
1713
1213
713
213
14712
14212
13712
13212
12712
12212
11712
11212
10712
10212
9712
9212
8712
8212
7712
7212
6712
6212
5712
5212
4712
4212
3712
3212
2712
2212
1712
1212
712
212
14711
14211
13711
13211
12711
12211
11711
11211
10711
10211
9711
9211
8711
8211
7711
7211
6711
6211
5711
5211
4711
4211
3711
3211
2711
2211
1711
1211
711
211
14710
14210
13710
13210
12710
12210
11710
11210
10710
10210
9710
9210
8710
8210
7710
7210
6710
6210
5710
5210
4710
4210
3710
3210
2710
2210
1710
1210
710
210
14709
14209
13709
13209
12709
12209
11709
11209
10709
10209
9709
9209
8709
8209
7709
7209
6709
6209
5709
5209
4709
4209
3709
3209
2709
2209
1709
1209
709
209
14708
14208
13708
13208
12708
12208
11708
11208
10708
10208
9708
9208
8708
8208
7708
7208
6708
6208
5708
5208
4708
4208
3708
3208
2708
2208
1708
1208
708
208
14707
14207
13707
13207
12707
12207
11707
11207
10707
10207
9707
9207
8707
8207
7707
7207
6707
6207
5707
5207
4707
4207
3707
3207
2707
2207
1707
1207
707
207
14706
14206
13706
13206
12706
12206
11706
11206
10706
10206
9706
9206
8706
8206
7706
7206
6706
6206
5706
5206
4706
4206
3706
3206
2706
2206
1706
1206
706
206
14705
14205
13705
13205
12705
12205
11705
11205
10705
10205
9705
9205
8705
8205
7705
7205
6705
6205
5705
5205
4705
4205
3705
3205
2705
2205
1705
1205
705
205
14704
14204
13704
13204
12704
12204
11704
11204
10704
10204
9704
9204
8704
8204
7704
7204
6704
6204
5704
5204
4704
4204
3704
3204
2704
2204
1704
1204
704
204
14703
14203
13703
13203
12703
12203
11703
11203
10703
10203
9703
9203
8703
8203
7703
7203
6703
6203
5703
5203
4703
4203
3703
3203
2703
2203
1703
1203
703
203
14702
14202
13702
13202
12702
12202
11702
11202
10702
10202
9702
9202
8702
8202
7702
7202
6702
6202
5702
5202
4702
4202
3702
3202
2702
2202
1702
1202
702
202
14701
14201
13701
13201
12701
12201
11701
11201
10701
10201
9701
9201
8701
8201
7701
7201
6701
6201
5701
5201
4701
4201
3701
3201
2701
2201
1701
1201
701
201
14700
14200
13700
13200
12700
12200
11700
11200
10700
10200
9700
9200
8700
8200
7700
7200
6700
6200
5700
5200
4700
4200
3700
3200
2700
2200
1700
1200
700
200
14699
14199
13699
13199
12699
12199
11699
11199
10699
10199
9699
9199
8699
8199
7699
7199
6699
6199
5699
5199
4699
4199
3699
3199
2699
2199
1699
1199
699
199
14698
14198
13698
13198
12698
12198
11698
11198
10698
10198
9698
9198
8698
8198
7698
7198
6698
6198
5698
5198
4698
4198
3698
3198
2698
2198
1698
1198
698
198
14697
14197
13697
13197
12697
12197
11697
11197
10697
10197
9697
9197
8697
8197
7697
7197
6697
6197
5697
5197
4697
4197
3697
3197
2697
2197
1697
1197
697
197
14696
14196
13696
13196
12696
12196
11696
11196
10696
10196
9696
9196
8696
8196
7696
7196
6696
6196
5696
5196
4696
4196
3696
3196
2696
2196
1696
1196
696
196
14695
14195
13695
13195
12695
12195
11695
11195
10695
10195
9695
9195
8695
8195
7695
7195
6695
6195
5695
5195
4695
4195
3695
3195
2695
2195
1695
1195
695
195
14694
14194
13694
13194
12694
12194
11694
11194
10694
10194
9694
9194
8694
8194
7694
7194
6694
6194
5694
5194
4694
4194
3694
3194
2694
2194
1694
1194
694
194
14693
14193
13693
13193
12693
12193
11693
11193
10693
10193
9693
9193
8693
8193
7693
7193
6693
6193
5693
5193
4693
4193
3693
3193
2693
2193
1693
1193
693
193
14692
14192
13692
13192
12692
12192
11692
11192
10692
10192
9692
9192
8692
8192
7692
7192
6692
6192
5692
5192
4692
4192
3692
3192
2692
2192
1692
1192
692
192
14691
14191
13691
13191
12691
12191
11691
11191
10691
10191
9691
9191
8691
8191
7691
7191
6691
6191
5691
5191
4691
4191
3691
3191
2691
2191
1691
1191
691
191
14690
14190
13690
13190
12690
12190
11690
11190
10690
10190
9690
9190
8690
8190
7690
7190
6690
6190
5690
5190
4690
4190
3690
3190
2690
2190
1690
1190
690
190
14689
14189
13689
13189
12689
12189
11689
11189
10689
10189
9689
9189
8689
8189
7689
7189
6689
6189
5689
5189
4689
4189
3689
3189
2689
2189
1689
1189
689
189
14688
14188
13688
13188
12688
12188
11688
11188
10688
10188
9688
9188
8688
8188
7688
7188
6688
6188
5688
5188
4688
4188
3688
3188
2688
2188
1688
1188
688
188
14687
14187
13687
13187
12687
12187
11687
11187
10687
10187
9687
9187
8687
8187
7687
7187
6687
6187
5687
5187
4687
4187
3687
3187
2687
2187
1687
1187
687
187
14686
14186
13686
13186
12686
12186
11686
11186
10686
10186
9686
9186
8686
8186
7686
7186
6686
6186
5686
5186
4686
4186
3686
3186
2686
2186
1686
1186
686
186
14685
14185
13685
13185
12685
12185
11685
11185
10685
10185
9685
9185
8685
8185
7685
7185
6685
6185
5685
5185
4685
4185
3685
3185
2685
2185
1685
1185
685
185
14684
14184
13684
13184
12684
12184
11684
11184
10684
10184
9684
9184
8684
8184
7684
7184
6684
6184
5684
5184
4684
4184
3684
3184
2684
2184
1684
1184
684
184
14683
14183
13683
13183
12683
12183
11683
11183
10683
10183
9683
9183
8683
8183
7683
7183
6683
6183
5683
5183
4683
4183
3683
3183
2683
2183
1683
1183
683
183
14682
14182
13682
13182
12682
12182
11682
11182
10682
10182
9682
9182
8682
8182
7682
7182
6682
6182
5682
5182
4682
4182
3682
3182
2682
2182
1682
1182
682
182
14681
14181
13681
13181
12681
12181
11681
11181
10681
10181
9681
9181
8681
8181
7681
7181
6681
6181
5681
5181
4681
4181
3681
3181
2681
2181
1681
1181
681
181
14680
14180
13680
13180
12680
12180
11680
11180
10680
10180
9680
9180
8680
8180
7680
7180
6680
6180
5680
5180
4680
4180
3680
3180
2680
2180
1680
1180
680
180
14679
14179
13679
13179
12679
12179
11679
11179
10679
10179
9679
9179
8679
8179
7679
7179
6679
6179
5679
5179
4679
4179
3679
3179
2679
2179
1679
1179
679
179
14678
14178
13678
13178
12678
12178
11678
11178
10678
10178
9678
9178
8678
8178
7678
7178
6678
6178
5678
5178
4678
4178
3678
3178
2678
2178
1678
1178
678
178
14677
14177
13677
13177
12677
12177
11677
11177
10677
10177
9677
9177
8677
8177
7677
7177
6677
6177
5677
5177
4677
4177
3677
3177
2677
2177
1677
1177
677
177
14676
14176
13676
13176
12676
12176
11676
11176
10676
10176
9676
9176
8676
8176
7676
7176
6676
6176
5676
5176
4676
4176
3676
3176
2676
2176
1676
1176
676
176
14675
14175
13675
13175
12675
12175
11675
11175
10675
10175
9675
9175
8675
8175
7675
7175
6675
6175
5675
5175
4675
4175
3675
3175
2675
2175
1675
1175
675
175
14674
14174
13674
13174
12674
12174
11674
11174
10674
10174
9674
9174
8674
8174
7674
7174
6674
6174
5674
5174
4674
4174
3674
3174
2674
2174
1674
1174
674
174
14673
14173
13673
13173
12673
12173
11673
11173
10673
10173
9673
9173
8673
8173
7673
7173
6673
6173
5673
5173
4673
4173
3673
3173
2673
2173
1673
1173
673
173
14672
14172
13672
13172
12672
12172
11672
11172
10672
10172
9672
9172
8672
8172
7672
7172
6672
6172
5672
5172
4672
4172
3672
3172
2672
2172
1672
1172
672
172
14671
14171
13671
13171
12671
12171
11671
11171
10671
10171
9671
9171
8671
8171
7671
7171
6671
6171
5671
5171
4671
4171
3671
3171
2671
2171
1671
1171
671
171
14670
14170
13670
13170
12670
12170
11670
11170
10670
10170
9670
9170
8670
8170
7670
7170
6670
6170
5670
5170
4670
4170
3670
3170
2670
2170
1670
1170
670
170
14669
14169
13669
13169
12669
12169
11669
11169
10669
10169
9669
9169
8669
8169
7669
7169
6669
6169
5669
5169
4669
4169
3669
3169
2669
2169
1669
1169
669
169
14668
14168
13668
13168
12668
12168
11668
11168
10668
10168
9668
9168
8668
8168
7668
7168
6668
6168
5668
5168
4668
4168
3668
3168
2668
2168
1668
1168
668
168
14667
14167
13667
13167
12667
12167
11667
11167
10667
10167
9667
9167
8667
8167
7667
7167
6667
6167
5667
5167
4667
4167
3667
3167
2667
2167
1667
1167
667
167
14666
14166
13666
13166
12666
12166
11666
11166
10666
10166
9666
9166
8666
8166
7666
7166
6666
6166
5666
5166
4666
4166
3666
3166
2666
2166
1666
1166
666
166
14665
14165
13665
13165
12665
12165
11665
11165
10665
10165
9665
9165
8665
8165
7665
7165
6665
6165
5665
5165
4665
4165
3665
3165
2665
2165
1665
1165
665
165
14664
14164
13664
13164
12664
12164
11664
11164
10664
10164
9664
9164
8664
8164
7664
7164
6664
6164
5664
5164
4664
4164
3664
3164
2664
2164
1664
1164
664
164
14663
14163
13663
13163
12663
12163
11663
11163
10663
10163
9663
9163
8663
8163
7663
7163
6663
6163
5663
5163
4663
4163
3663
3163
2663
2163
1663
1163
663
163
14662
14162
13662
13162
12662
12162
11662
11162
10662
10162
9662
9162
8662
8162
7662
7162
6662
6162
5662
5162
4662
4162
3662
3162
2662
2162
1662
1162
662
162
14661
14161
13661
13161
12661
12161
11661
11161
10661
10161
9661
9161
8661
8161
7661
7161
6661
6161
5661
5161
4661
4161
3661
3161
2661
2161
1661
1161
661
161
14660
14160
13660
13160
12660
12160
11660
11160
10660
10160
9660
9160
8660
8160
7660
7160
6660
6160
5660
5160
4660
4160
3660
3160
2660
2160
1660
1160
660
160
14659
14159
13659
13159
12659
12159
11659
11159
10659
10159
9659
9159
8659
8159
7659
7159
6659
6159
5659
5159
4659
4159
3659
3159
2659
2159
1659
1159
659
159
14658
14158
13658
13158
12658
12158
11658
11158
10658
10158
9658
9158
8658
8158
7658
7158
6658
6158
5658
5158
4658
4158
3658
3158
2658
2158
1658
1158
658
158
14657
14157
13657
13157
12657
12157
11657
11157
10657
10157
9657
9157
8657
8157
7657
7157
6657
6157
5657
5157
4657
4157
3657
3157
2657
2157
1657
1157
657
157
14656
14156
13656
13156
12656
12156
11656
11156
10656
10156
9656
9156
8656
8156
7656
7156
6656
6156
5656
5156
4656
4156
3656
3156
2656
2156
1656
1156
656
156
14655
14155
13655
13155
12655
12155
11655
11155
10655
10155
9655
9155
8655
8155
7655
7155
6655
6155
5655
5155
4655
4155
3655
3155
2655
2155
1655
1155
655
155
14654
14154
13654
13154
12654
12154
11654
11154
10654
10154
9654
9154
8654
8154
7654
7154
6654
6154
5654
5154
4654
4154
3654
3154
2654
2154
1654
1154
654
154
14653
14153
13653
13153
12653
12153
11653
11153
10653
10153
9653
9153
8653
8153
7653
7153
6653
6153
5653
5153
4653
4153
3653
3153
2653
2153
1653
1153
653
153
14652
14152
13652
13152
12652
12152
11652
11152
10652
10152
9652
9152
8652
8152
7652
7152
6652
6152
5652
5152
4652
4152
3652
3152
2652
2152
1652
1152
652
152
14651
14151
13651
13151
12651
12151
11651
11151
10651
10151
9651
9151
8651
8151
7651
7151
6651
6151
5651
5151
4651
4151
3651
3151
2651
2151
1651
1151
651
151
14650
14150
13650
13150
12650
12150
11650
11150
10650
10150
9650
9150
8650
8150
7650
7150
6650
6150
5650
5150
4650
4150
3650
3150
2650
2150
1650
1150
650
150
14649
14149
13649
13149
12649
12149
11649
11149
10649
10149
9649
9149
8649
8149
7649
7149
6649
6149
5649
5149
4649
4149
3649
3149
2649
2149
1649
1149
649
149
14648
14148
13648
13148
12648
12148
11648
11148
10648
10148
9648
9148
8648
8148
7648
7148
6648
6148
5648
5148
4648
4148
3648
3148
2648
2148
1648
1148
648
148
14647
14147
13647
13147
12647
12147
11647
11147
10647
10147
9647
9147
8647
8147
7647
7147
6647
6147
5647
5147
4647
4147
3647
3147
2647
2147
1647
1147
647
147
14646
14146
13646
13146
12646
12146
11646
11146
10646
10146
9646
9146
8646
8146
7646
7146
6646
6146
5646
5146
4646
4146
3646
3146
2646
2146
1646
1146
646
146
14645
14145
13645
13145
12645
12145
11645
11145
10645
10145
9645
9145
8645
8145
7645
7145
6645
6145
5645
5145
4645
4145
3645
3145
2645
2145
1645
1145
645
145
14644
14144
13644
13144
12644
12144
11644
11144
10644
10144
9644
9144
8644
8144
7644
7144
6644
6144
5644
5144
4644
4144
3644
3144
2644
2144
1644
1144
644
144
14643
14143
13643
13143
12643
12143
11643
11143
10643
10143
9643
9143
8643
8143
7643
7143
6643
6143
5643
5143
4643
4143
3643
3143
2643
2143
1643
1143
643
143
14642
14142
13642
13142
12642
12142
11642
11142
10642
10142
9642
9142
8642
8142
7642
7142
6642
6142
5642
5142
4642
4142
3642
3142
2642
2142
1642
1142
642
142
14641
14141
13641
13141
12641
12141
11641
11141
10641
10141
9641
9141
8641
8141
7641
7141
6641
6141
5641
5141
4641
4141
3641
3141
2641
2141
1641
1141
641
141
14640
14140
13640
13140
12640
12140
11640
11140
10640
10140
9640
9140
8640
8140
7640
7140
6640
6140
5640
5140
4640
4140
3640
3140
2640
2140
1640
1140
640
140
14639
14139
13639
13139
12639
12139
11639
11139
10639
10139
9639
9139
8639
8139
7639
7139
6639
6139
5639
5139
4639
4139
3639
3139
2639
2139
1639
1139
639
139
14638
14138
13638
13138
12638
12138
11638
11138
10638
10138
9638
9138
8638
8138
7638
7138
6638
6138
5638
5138
4638
4138
3638
3138
2638
2138
1638
1138
638
138
14637
14137
13637
13137
12637
12137
11637
11137
10637
10137
9637
9137
8637
8137
7637
7137
6637
6137
5637
5137
4637
4137
3637
3137
2637
2137
1637
1137
637
137
14636
14136
13636
13136
12636
12136
11636
11136
10636
10136
9636
9136
8636
8136
7636
7136
6636
6136
5636
5136
4636
4136
3636
3136
2636
2136
1636
1136
636
136
14635
14135
13635
13135
12635
12135
11635
11135
10635
10135
9635
9135
8635
8135
7635
7135
6635
6135
5635
5135
4635
4135
3635
3135
2635
2135
1635
1135
635
135
14634
14134
13634
13134
12634
12134
11634
11134
10634
10134
9634
9134
8634
8134
7634
7134
6634
6134
5634
5134
4634
4134
3634
3134
2634
2134
1634
1134
634
134
14633
14133
13633
13133
12633
12133
11633
11133
10633
10133
9633
9133
8633
8133
7633
7133
6633
6133
5633
5133
4633
4133
3633
3133
2633
2133
1633
1133
633
133
14632
14132
13632
13132
12632
12132
11632
11132
10632
10132
9632
9132
8632
8132
7632
7132
6632
6132
5632
5132
4632
4132
3632
3132
2632
2132
1632
1132
632
132
14631
14131
13631
13131
12631
12131
11631
11131
10631
10131
9631
9131
8631
8131
7631
7131
6631
6131
5631
5131
4631
4131
3631
3131
2631
2131
1631
1131
631
131
14630
14130
13630
13130
12630
12130
11630
11130
10630
10130
9630
9130
8630
8130
7630
7130
6630
6130
5630
5130
4630
4130
3630
3130
2630
2130
1630
1130
630
130
14629
14129
13629
13129
12629
12129
11629
11129
10629
10129
9629
9129
8629
8129
7629
7129
6629
6129
5629
5129
4629
4129
3629
3129
2629
2129
1629
1129
629
129
14628
14128
13628
13128
12628
12128
11628
11128
10628
10128
9628
9128
8628
8128
7628
7128
6628
6128
5628
5128
4628
4128
3628
3128
2628
2128
1628
1128
628
128
14627
14127
13627
13127
12627
12127
11627
11127
10627
10127
9627
9127
8627
8127
7627
7127
6627
6127
5627
5127
4627
4127
3627
3127
2627
2127
1627
1127
627
127
14626
14126
13626
13126
12626
12126
11626
11126
10626
10126
9626
9126
8626
8126
7626
7126
6626
6126
5626
5126
4626
4126
3626
3126
2626
2126
1626
1126
626
126
14625
14125
13625
13125
12625
12125
11625
11125
10625
10125
9625
9125
8625
8125
7625
7125
6625
6125
5625
5125
4625
4125
3625
3125
2625
2125
1625
1125
625
125
14624
14124
13624
13124
12624
12124
11624
11124
10624
10124
9624
9124
8624
8124
7624
7124
6624
6124
5624
5124
4624
4124
3624
3124
2624
2124
1624
1124
624
124
14623
14123
13623
13123
12623
12123
11623
11123
10623
10123
9623
9123
8623
8123
7623
7123
6623
6123
5623
5123
4623
4123
3623
3123
2623
2123
1623
1123
623
123
14622
14122
13622
13122
12622
12122
11622
11122
10622
10122
9622
9122
8622
8122
7622
7122
6622
6122
5622
5122
4622
4122
3622
3122
2622
2122
1622
1122
622
122
14621
14121
13621
13121
12621
12121
11621
11121
10621
10121
9621
9121
8621
8121
7621
7121
6621
6121
5621
5121
4621
4121
3621
3121
2621
2121
1621
1121
621
121
14620
14120
13620
13120
12620
12120
11620
11120
10620
10120
9620
9120
8620
8120
7620
7120
6620
6120
5620
5120
4620
4120
3620
3120
2620
2120
1620
1120
620
120
14619
14119
13619
13119
12619
12119
11619
11119
10619
10119
9619
9119
8619
8119
7619
7119
6619
6119
5619
5119
4619
4119
3619
3119
2619
2119
1619
1119
619
119
14618
14118
13618
13118
12618
12118
11618
11118
10618
10118
9618
9118
8618
8118
7618
7118
6618
6118
5618
5118
4618
4118
3618
3118
2618
2118
1618
1118
618
118
14617
14117
13617
13117
12617
12117
11617
11117
10617
10117
9617
9117
8617
8117
7617
7117
6617
6117
5617
5117
4617
4117
3617
3117
2617
2117
1617
1117
617
117
14616
14116
13616
13116
12616
12116
11616
11116
10616
10116
9616
9116
8616
8116
7616
7116
6616
6116
5616
5116
4616
4116
3616
3116
2616
2116
1616
1116
616
116
14615
14115
13615
13115
12615
12115
11615
11115
10615
10115
9615
9115
8615
8115
7615
7115
6615
6115
5615
5115
4615
4115
3615
3115
2615
2115
1615
1115
615
115
14614
14114
13614
13114
12614
12114
11614
11114
10614
10114
9614
9114
8614
8114
7614
7114
6614
6114
5614
5114
4614
4114
3614
3114
2614
2114
1614
1114
614
114
14613
14113
13613
13113
12613
12113
11613
11113
10613
10113
9613
9113
8613
8113
7613
7113
6613
6113
5613
5113
4613
4113
3613
3113
2613
2113
1613
1113
613
113
14612
14112
13612
13112
12612
12112
11612
11112
10612
10112
9612
9112
8612
8112
7612
7112
6612
6112
5612
5112
4612
4112
3612
3112
2612
2112
1612
1112
612
112
14611
14111
13611
13111
12611
12111
11611
11111
10611
10111
9611
9111
8611
8111
7611
7111
6611
6111
5611
5111
4611
4111
3611
3111
2611
2111
1611
1111
611
111
14610
14110
13610
13110
12610
12110
11610
11110
10610
10110
9610
9110
8610
8110
7610
7110
6610
6110
5610
5110
4610
4110
3610
3110
2610
2110
1610
1110
610
110
14609
14109
13609
13109
12609
12109
11609
11109
10609
10109
9609
9109
8609
8109
7609
7109
6609
6109
5609
5109
4609
4109
3609
3109
2609
2109
1609
1109
609
109
14608
14108
13608
13108
12608
12108
11608
11108
10608
10108
9608
9108
8608
8108
7608
7108
6608
6108
5608
5108
4608
4108
3608
3108
2608
2108
1608
1108
608
108
14607
14107
13607
13107
12607
12107
11607
11107
10607
10107
9607
9107
8607
8107
7607
7107
6607
6107
5607
5107
4607
4107
3607
3107
2607
2107
1607
1107
607
107
14606
14106
13606
13106
12606
12106
11606
11106
10606
10106
9606
9106
8606
8106
7606
7106
6606
6106
5606
5106
4606
4106
3606
3106
2606
2106
1606
1106
606
106
14605
14105
13605
13105
12605
12105
11605
11105
10605
10105
9605
9105
8605
8105
7605
7105
6605
6105
5605
5105
4605
4105
3605
3105
2605
2105
1605
1105
605
105
14604
14104
13604
13104
12604
12104
11604
11104
10604
10104
9604
9104
8604
8104
7604
7104
6604
6104
5604
5104
4604
4104
3604
3104
2604
2104
1604
1104
604
104
14603
14103
13603
13103
12603
12103
11603
11103
10603
10103
9603
9103
8603
8103
7603
7103
6603
6103
5603
5103
4603
4103
3603
3103
2603
2103
1603
1103
603
103
14602
14102
13602
13102
12602
12102
11602
11102
10602
10102
9602
9102
8602
8102
7602
7102
6602
6102
5602
5102
4602
4102
3602
3102
2602
2102
1602
1102
602
102
14601
14101
13601
13101
12601
12101
11601
11101
10601
10101
9601
9101
8601
8101
7601
7101
6601
6101
5601
5101
4601
4101
3601
3101
2601
2101
1601
1101
601
101
14600
14100
13600
13100
12600
12100
11600
11100
10600
10100
9600
9100
8600
8100
7600
7100
6600
6100
5600
5100
4600
4100
3600
3100
2600
2100
1600
1100
600
100
14599
14099
13599
13099
12599
12099
11599
11099
10599
10099
9599
9099
8599
8099
7599
7099
6599
6099
5599
5099
4599
4099
3599
3099
2599
2099
1599
1099
599
99
14598
14098
13598
13098
12598
12098
11598
11098
10598
10098
9598
9098
8598
8098
7598
7098
6598
6098
5598
5098
4598
4098
3598
3098
2598
2098
1598
1098
598
98
14597
14097
13597
13097
12597
12097
11597
11097
10597
10097
9597
9097
8597
8097
7597
7097
6597
6097
5597
5097
4597
4097
3597
3097
2597
2097
1597
1097
597
97
14596
14096
13596
13096
12596
12096
11596
11096
10596
10096
9596
9096
8596
8096
7596
7096
6596
6096
5596
5096
4596
4096
3596
3096
2596
2096
1596
1096
596
96
14595
14095
13595
13095
12595
12095
11595
11095
10595
10095
9595
9095
8595
8095
7595
7095
6595
6095
5595
5095
4595
4095
3595
3095
2595
2095
1595
1095
595
95
14594
14094
13594
13094
12594
12094
11594
11094
10594
10094
9594
9094
8594
8094
7594
7094
6594
6094
5594
5094
4594
4094
3594
3094
2594
2094
1594
1094
594
94
14593
14093
13593
13093
12593
12093
11593
11093
10593
10093
9593
9093
8593
8093
7593
7093
6593
6093
5593
5093
4593
4093
3593
3093
2593
2093
1593
1093
593
93
14592
14092
13592
13092
12592
12092
11592
11092
10592
10092
9592
9092
8592
8092
7592
7092
6592
6092
5592
5092
4592
4092
3592
3092
2592
2092
1592
1092
592
92
14591
14091
13591
13091
12591
12091
11591
11091
10591
10091
9591
9091
8591
8091
7591
7091
6591
6091
5591
5091
4591
4091
3591
3091
2591
2091
1591
1091
591
91
14590
14090
13590
13090
12590
12090
11590
11090
10590
10090
9590
9090
8590
8090
7590
7090
6590
6090
5590
5090
4590
4090
3590
3090
2590
2090
1590
1090
590
90
14589
14089
13589
13089
12589
12089
11589
11089
10589
10089
9589
9089
8589
8089
7589
7089
6589
6089
5589
5089
4589
4089
3589
3089
2589
2089
1589
1089
589
89
14588
14088
13588
13088
12588
12088
11588
11088
10588
10088
9588
9088
8588
8088
7588
7088
6588
6088
5588
5088
4588
4088
3588
3088
2588
2088
1588
1088
588
88
14587
14087
13587
13087
12587
12087
11587
11087
10587
10087
9587
9087
8587
8087
7587
7087
6587
6087
5587
5087
4587
4087
3587
3087
2587
2087
1587
1087
587
87
14586
14086
13586
13086
12586
12086
11586
11086
10586
10086
9586
9086
8586
8086
7586
7086
6586
6086
5586
5086
4586
4086
3586
3086
2586
2086
1586
1086
586
86
14585
14085
13585
13085
12585
12085
11585
11085
10585
10085
9585
9085
8585
8085
7585
7085
6585
6085
5585
5085
4585
4085
3585
3085
2585
2085
1585
1085
585
85
14584
14084
13584
13084
12584
12084
11584
11084
10584
10084
9584
9084
8584
8084
7584
7084
6584
6084
5584
5084
4584
4084
3584
3084
2584
2084
1584
1084
584
84
14583
14083
13583
13083
12583
12083
11583
11083
10583
10083
9583
9083
8583
8083
7583
7083
6583
6083
5583
5083
4583
4083
3583
3083
2583
2083
1583
1083
583
83
14582
14082
13582
13082
12582
12082
11582
11082
10582
10082
9582
9082
8582
8082
7582
7082
6582
6082
5582
5082
4582
4082
3582
3082
2582
2082
1582
1082
582
82
14581
14081
13581
13081
12581
12081
11581
11081
10581
10081
9581
9081
8581
8081
7581
7081
6581
6081
5581
5081
4581
4081
3581
3081
2581
2081
1581
1081
581
81
14580
14080
13580
13080
12580
12080
11580
11080
10580
10080
9580
9080
8580
8080
7580
7080
6580
6080
5580
5080
4580
4080
3580
3080
2580
2080
1580
1080
580
80
14579
14079
13579
13079
12579
12079
11579
11079
10579
10079
9579
9079
8579
8079
7579
7079
6579
6079
5579
5079
4579
4079
3579
3079
2579
2079
1579
1079
579
79
14578
14078
13578
13078
12578
12078
11578
11078
10578
10078
9578
9078
8578
8078
7578
7078
6578
6078
5578
5078
4578
4078
3578
3078
2578
2078
1578
1078
578
78
14577
14077
13577
13077
12577
12077
11577
11077
10577
10077
9577
9077
8577
8077
7577
7077
6577
6077
5577
5077
4577
4077
3577
3077
2577
2077
1577
1077
577
77
14576
14076
13576
13076
12576
12076
11576
11076
10576
10076
9576
9076
8576
8076
7576
7076
6576
6076
5576
5076
4576
4076
3576
3076
2576
2076
1576
1076
576
76
14575
14075
13575
13075
12575
12075
11575
11075
10575
10075
9575
9075
8575
8075
7575
7075
6575
6075
5575
5075
4575
4075
3575
3075
2575
2075
1575
1075
575
75
14574
14074
13574
13074
12574
12074
11574
11074
10574
10074
9574
9074
8574
8074
7574
7074
6574
6074
5574
5074
4574
4074
3574
3074
2574
2074
1574
1074
574
74
14573
14073
13573
13073
12573
12073
11573
11073
10573
10073
9573
9073
8573
8073
7573
7073
6573
6073
5573
5073
4573
4073
3573
3073
2573
2073
1573
1073
573
73
14572
14072
13572
13072
12572
12072
11572
11072
10572
10072
9572
9072
8572
8072
7572
7072
6572
6072
5572
5072
4572
4072
3572
3072
2572
2072
1572
1072
572
72
14571
14071
13571
13071
12571
12071
11571
11071
10571
10071
9571
9071
8571
8071
7571
7071
6571
6071
5571
5071
4571
4071
3571
3071
2571
2071
1571
1071
571
71
14570
14070
13570
13070
12570
12070
11570
11070
10570
10070
9570
9070
8570
8070
7570
7070
6570
6070
5570
5070
4570
4070
3570
3070
2570
2070
1570
1070
570
70
14569
14069
13569
13069
12569
12069
11569
11069
10569
10069
9569
9069
8569
8069
7569
7069
6569
6069
5569
5069
4569
4069
3569
3069
2569
2069
1569
1069
569
69
14568
14068
13568
13068
12568
12068
11568
11068
10568
10068
9568
9068
8568
8068
7568
7068
6568
6068
5568
5068
4568
4068
3568
3068
2568
2068
1568
1068
568
68
14567
14067
13567
13067
12567
12067
11567
11067
10567
10067
9567
9067
8567
8067
7567
7067
6567
6067
5567
5067
4567
4067
3567
3067
2567
2067
1567
1067
567
67
14566
14066
13566
13066
12566
12066
11566
11066
10566
10066
9566
9066
8566
8066
7566
7066
6566
6066
5566
5066
4566
4066
3566
3066
2566
2066
1566
1066
566
66
14565
14065
13565
13065
12565
12065
11565
11065
10565
10065
9565
9065
8565
8065
7565
7065
6565
6065
5565
5065
4565
4065
3565
3065
2565
2065
1565
1065
565
65
14564
14064
13564
13064
12564
12064
11564
11064
10564
10064
9564
9064
8564
8064
7564
7064
6564
6064
5564
5064
4564
4064
3564
3064
2564
2064
1564
1064
564
64
14563
14063
13563
13063
12563
12063
11563
11063
10563
10063
9563
9063
8563
8063
7563
7063
6563
6063
5563
5063
4563
4063
3563
3063
2563
2063
1563
1063
563
63
14562
14062
13562
13062
12562
12062
11562
11062
10562
10062
9562
9062
8562
8062
7562
7062
6562
6062
5562
5062
4562
4062
3562
3062
2562
2062
1562
1062
562
62
14561
14061
13561
13061
12561
12061
11561
11061
10561
10061
9561
9061
8561
8061
7561
7061
6561
6061
5561
5061
4561
4061
3561
3061
2561
2061
1561
1061
561
61
14560
14060
13560
13060
12560
12060
11560
11060
10560
10060
9560
9060
8560
8060
7560
7060
6560
6060
5560
5060
4560
4060
3560
3060
2560
2060
1560
1060
560
60
14559
14059
13559
13059
12559
12059
11559
11059
10559
10059
9559
9059
8559
8059
7559
7059
6559
6059
5559
5059
4559
4059
3559
3059
2559
2059
1559
1059
559
59
14558
14058
13558
13058
12558
12058
11558
11058
10558
10058
9558
9058
8558
8058
7558
7058
6558
6058
5558
5058
4558
4058
3558
3058
2558
2058
1558
1058
558
58
14557
14057
13557
13057
12557
12057
11557
11057
10557
10057
9557
9057
8557
8057
7557
7057
6557
6057
5557
5057
4557
4057
3557
3057
2557
2057
1557
1057
557
57
14556
14056
13556
13056
12556
12056
11556
11056
10556
10056
9556
9056
8556
8056
7556
7056
6556
6056
5556
5056
4556
4056
3556
3056
2556
2056
1556
1056
556
56
14555
14055
13555
13055
12555
12055
11555
11055
10555
10055
9555
9055
8555
8055
7555
7055
6555
6055
5555
5055
4555
4055
3555
3055
2555
2055
1555
1055
555
55
14554
14054
13554
13054
12554
12054
11554
11054
10554
10054
9554
9054
8554
8054
7554
7054
6554
6054
5554
5054
4554
4054
3554
3054
2554
2054
1554
1054
554
54
14553
14053
13553
13053
12553
12053
11553
11053
10553
10053
9553
9053
8553
8053
7553
7053
6553
6053
5553
5053
4553
4053
3553
3053
2553
2053
1553
1053
553
53
14552
14052
13552
13052
12552
12052
11552
11052
10552
10052
9552
9052
8552
8052
7552
7052
6552
6052
5552
5052
4552
4052
3552
3052
2552
2052
1552
1052
552
52
14551
14051
13551
13051
12551
12051
11551
11051
10551
10051
9551
9051
8551
8051
7551
7051
6551
6051
5551
5051
4551
4051
3551
3051
2551
2051
1551
1051
551
51
14550
14050
13550
13050
12550
12050
11550
11050
10550
10050
9550
9050
8550
8050
7550
7050
6550
6050
5550
5050
4550
4050
3550
3050
2550
2050
1550
1050
550
50
14549
14049
13549
13049
12549
12049
11549
11049
10549
10049
9549
9049
8549
8049
7549
7049
6549
6049
5549
5049
4549
4049
3549
3049
2549
2049
1549
1049
549
49
14548
14048
13548
13048
12548
12048
11548
11048
10548
10048
9548
9048
8548
8048
7548
7048
6548
6048
5548
5048
4548
4048
3548
3048
2548
2048
1548
1048
548
48
14547
14047
13547
13047
12547
12047
11547
11047
10547
10047
9547
9047
8547
8047
7547
7047
6547
6047
5547
5047
4547
4047
3547
3047
2547
2047
1547
1047
547
47
14546
14046
13546
13046
12546
12046
11546
11046
10546
10046
9546
9046
8546
8046
7546
7046
6546
6046
5546
5046
4546
4046
3546
3046
2546
2046
1546
1046
546
46
14545
14045
13545
13045
12545
12045
11545
11045
10545
10045
9545
9045
8545
8045
7545
7045
6545
6045
5545
5045
4545
4045
3545
3045
2545
2045
1545
1045
545
45
14544
14044
13544
13044
12544
12044
11544
11044
10544
10044
9544
9044
8544
8044
7544
7044
6544
6044
5544
5044
4544
4044
3544
3044
2544
2044
1544
1044
544
44
14543
14043
13543
13043
12543
12043
11543
11043
10543
10043
9543
9043
8543
8043
7543
7043
6543
6043
5543
5043
4543
4043
3543
3043
2543
2043
1543
1043
543
43
14542
14042
13542
13042
12542
12042
11542
11042
10542
10042
9542
9042
8542
8042
7542
7042
6542
6042
5542
5042
4542
4042
3542
3042
2542
2042
1542
1042
542
42
14541
14041
13541
13041
12541
12041
11541
11041
10541
10041
9541
9041
8541
8041
7541
7041
6541
6041
5541
5041
4541
4041
3541
3041
2541
2041
1541
1041
541
41
14540
14040
13540
13040
12540
12040
11540
11040
10540
10040
9540
9040
8540
8040
7540
7040
6540
6040
5540
5040
4540
4040
3540
3040
2540
2040
1540
1040
540
40
14539
14039
13539
13039
12539
12039
11539
11039
10539
10039
9539
9039
8539
8039
7539
7039
6539
6039
5539
5039
4539
4039
3539
3039
2539
2039
1539
1039
539
39
14538
14038
13538
13038
12538
12038
11538
11038
10538
10038
9538
9038
8538
8038
7538
7038
6538
6038
5538
5038
4538
4038
3538
3038
2538
2038
1538
1038
538
38
14537
14037
13537
13037
12537
12037
11537
11037
10537
10037
9537
9037
8537
8037
7537
7037
6537
6037
5537
5037
4537
4037
3537
3037
2537
2037
1537
1037
537
37
14536
14036
13536
13036
12536
12036
11536
11036
10536
10036
9536
9036
8536
8036
7536
7036
6536
6036
5536
5036
4536
4036
3536
3036
2536
2036
1536
1036
536
36
14535
14035
13535
13035
12535
12035
11535
11035
10535
10035
9535
9035
8535
8035
7535
7035
6535
6035
5535
5035
4535
4035
3535
3035
2535
2035
1535
1035
535
35
14534
14034
13534
13034
12534
12034
11534
11034
10534
10034
9534
9034
8534
8034
7534
7034
6534
6034
5534
5034
4534
4034
3534
3034
2534
2034
1534
1034
534
34
14533
14033
13533
13033
12533
12033
11533
11033
10533
10033
9533
9033
8533
8033
7533
7033
6533
6033
5533
5033
4533
4033
3533
3033
2533
2033
1533
1033
533
33
14532
14032
13532
13032
12532
12032
11532
11032
10532
10032
9532
9032
8532
8032
7532
7032
6532
6032
5532
5032
4532
4032
3532
3032
2532
2032
1532
1032
532
32
14531
14031
13531
13031
12531
12031
11531
11031
10531
10031
9531
9031
8531
8031
7531
7031
6531
6031
5531
5031
4531
4031
3531
3031
2531
2031
1531
1031
531
31
14530
14030
13530
13030
12530
12030
11530
11030
10530
10030
9530
9030
8530
8030
7530
7030
6530
6030
5530
5030
4530
4030
3530
3030
2530
2030
1530
1030
530
30
14529
14029
13529
13029
12529
12029
11529
11029
10529
10029
9529
9029
8529
8029
7529
7029
6529
6029
5529
5029
4529
4029
3529
3029
2529
2029
1529
1029
529
29
14528
14028
13528
13028
12528
12028
11528
11028
10528
10028
9528
9028
8528
8028
7528
7028
6528
6028
5528
5028
4528
4028
3528
3028
2528
2028
1528
1028
528
28
14527
14027
13527
13027
12527
12027
11527
11027
10527
10027
9527
9027
8527
8027
7527
7027
6527
6027
5527
5027
4527
4027
3527
3027
2527
2027
1527
1027
527
27
14526
14026
13526
13026
12526
12026
11526
11026
10526
10026
9526
9026
8526
8026
7526
7026
6526
6026
5526
5026
4526
4026
3526
3026
2526
2026
1526
1026
526
26
14525
14025
13525
13025
12525
12025
11525
11025
10525
10025
9525
9025
8525
8025
7525
7025
6525
6025
5525
5025
4525
4025
3525
3025
2525
2025
1525
1025
525
25
14524
14024
13524
13024
12524
12024
11524
11024
10524
10024
9524
9024
8524
8024
7524
7024
6524
6024
5524
5024
4524
4024
3524
3024
2524
2024
1524
1024
524
24
14523
14023
13523
13023
12523
12023
11523
11023
10523
10023
9523
9023
8523
8023
7523
7023
6523
6023
5523
5023
4523
4023
3523
3023
2523
2023
1523
1023
523
23
14522
14022
13522
13022
12522
12022
11522
11022
10522
10022
9522
9022
8522
8022
7522
7022
6522
6022
5522
5022
4522
4022
3522
3022
2522
2022
1522
1022
522
22
14521
14021
13521
13021
12521
12021
11521
11021
10521
10021
9521
9021
8521
8021
7521
7021
6521
6021
5521
5021
4521
4021
3521
3021
2521
2021
1521
1021
521
21
14520
14020
13520
13020
12520
12020
11520
11020
10520
10020
9520
9020
8520
8020
7520
7020
6520
6020
5520
5020
4520
4020
3520
3020
2520
2020
1520
1020
520
20
14519
14019
13519
13019
12519
12019
11519
11019
10519
10019
9519
9019
8519
8019
7519
7019
6519
6019
5519
5019
4519
4019
3519
3019
2519
2019
1519
1019
519
19
14518
14018
13518
13018
12518
12018
11518
11018
10518
10018
9518
9018
8518
8018
7518
7018
6518
6018
5518
5018
4518
4018
3518
3018
2518
2018
1518
1018
518
18
14517
14017
13517
13017
12517
12017
11517
11017
10517
10017
9517
9017
8517
8017
7517
7017
6517
6017
5517
5017
4517
4017
3517
3017
2517
2017
1517
1017
517
17
14516
14016
13516
13016
12516
12016
11516
11016
10516
10016
9516
9016
8516
8016
7516
7016
6516
6016
5516
5016
4516
4016
3516
3016
2516
2016
1516
1016
516
16
14515
14015
13515
13015
12515
12015
11515
11015
10515
10015
9515
9015
8515
8015
7515
7015
6515
6015
5515
5015
4515
4015
3515
3015
2515
2015
1515
1015
515
15
14514
14014
13514
13014
12514
12014
11514
11014
10514
10014
9514
9014
8514
8014
7514
7014
6514
6014
5514
5014
4514
4014
3514
3014
2514
2014
1514
1014
514
14
14513
14013
13513
13013
12513
12013
11513
11013
10513
10013
9513
9013
8513
8013
7513
7013
6513
6013
5513
5013
4513
4013
3513
3013
2513
2013
1513
1013
513
13
14512
14012
13512
13012
12512
12012
11512
11012
10512
10012
9512
9012
8512
8012
7512
7012
6512
6012
5512
5012
4512
4012
3512
3012
2512
2012
1512
1012
512
12
14511
14011
13511
13011
12511
12011
11511
11011
10511
10011
9511
9011
8511
8011
7511
7011
6511
6011
5511
5011
4511
4011
3511
3011
2511
2011
1511
1011
511
11
14510
14010
13510
13010
12510
12010
11510
11010
10510
10010
9510
9010
8510
8010
7510
7010
6510
6010
5510
5010
4510
4010
3510
3010
2510
2010
1510
1010
510
10
14509
14009
13509
13009
12509
12009
11509
11009
10509
10009
9509
9009
8509
8009
7509
7009
6509
6009
5509
5009
4509
4009
3509
3009
2509
2009
1509
1009
509
9
14508
14008
13508
13008
12508
12008
11508
11008
10508
10008
9508
9008
8508
8008
7508
7008
6508
6008
5508
5008
4508
4008
3508
3008
2508
2008
1508
1008
508
8
14507
14007
13507
13007
12507
12007
11507
11007
10507
10007
9507
9007
8507
8007
7507
7007
6507
6007
5507
5007
4507
4007
3507
3007
2507
2007
1507
1007
507
7
14506
14006
13506
13006
12506
12006
11506
11006
10506
10006
9506
9006
8506
8006
7506
7006
6506
6006
5506
5006
4506
4006
3506
3006
2506
2006
1506
1006
506
6
14505
14005
13505
13005
12505
12005
11505
11005
10505
10005
9505
9005
8505
8005
7505
7005
6505
6005
5505
5005
4505
4005
3505
3005
2505
2005
1505
1005
505
5
14504
14004
13504
13004
12504
12004
11504
11004
10504
10004
9504
9004
8504
8004
7504
7004
6504
6004
5504
5004
4504
4004
3504
3004
2504
2004
1504
1004
504
4
14503
14003
13503
13003
12503
12003
11503
11003
10503
10003
9503
9003
8503
8003
7503
7003
6503
6003
5503
5003
4503
4003
3503
3003
2503
2003
1503
1003
503
3
14502
14002
13502
13002
12502
12002
11502
11002
10502
10002
9502
9002
8502
8002
7502
7002
6502
6002
5502
5002
4502
4002
3502
3002
2502
2002
1502
1002
502
2
14501
14001
13501
13001
12501
12001
11501
11001
10501
10001
9501
9001
8501
8001
7501
7001
6501
6001
5501
5001
4501
4001
3501
3001
2501
2001
1501
1001
501
1
15000
14500
14000
13500
13000
12500
12000
11500
11000
10500
10000
9500
9000
8500
8000
7500
7000
6500
6000
5500
5000
4500
4000
3500
3000
2500
2000
1500
1000
500
